{
 "cells": [
  {
   "cell_type": "code",
   "execution_count": null,
   "metadata": {
    "slideshow": {
     "slide_type": "skip"
    }
   },
   "outputs": [],
   "source": [
    "import os\n",
    "import numpy as np\n",
    "from e3nn import o3\n",
    "from minimal_basis.dataset.dataset_hamiltonian import HamiltonianDataset\n",
    "from minimal_basis.model.model_hamiltonian import (\n",
    "    EquivariantConv,\n",
    "    SimpleHamiltonianModel,\n",
    ")\n",
    "import warnings\n",
    "import plotly.express as px\n",
    "import torch\n",
    "from torch_geometric.loader import DataLoader\n",
    "warnings.simplefilter(action='ignore', category=FutureWarning)\n",
    "warnings.simplefilter(action='ignore', category=UserWarning)"
   ]
  },
  {
   "cell_type": "markdown",
   "metadata": {
    "slideshow": {
     "slide_type": "slide"
    }
   },
   "source": [
    "# Features from the Hamiltonian for chemical reactions\n",
    "\n",
    "Looking at a single reaction which has been rotated 20 different times. Ideally our features must encode these atomic interactions while doing away with the rotation dependence."
   ]
  },
  {
   "cell_type": "code",
   "execution_count": null,
   "metadata": {
    "slideshow": {
     "slide_type": "skip"
    }
   },
   "outputs": [],
   "source": [
    "dataset = HamiltonianDataset(\n",
    "    root=\"./output\",\n",
    "    filename=\"input_files/train_data_rotated_sn2.json\",\n",
    "    basis_file=\"input_files/sto-3g.json\",\n",
    ")"
   ]
  },
  {
   "cell_type": "code",
   "execution_count": null,
   "metadata": {
    "slideshow": {
     "slide_type": "subslide"
    }
   },
   "outputs": [
    {
     "data": {
      "application/vnd.plotly.v1+json": {
       "config": {
        "plotlyServerURL": "https://plot.ly"
       },
       "data": [
        {
         "coloraxis": "coloraxis",
         "hovertemplate": "Basis function: %{x}<br>Basis function: %{y}<br>color: %{z}<extra></extra>",
         "name": "0",
         "type": "heatmap",
         "xaxis": "x",
         "yaxis": "y",
         "z": [
          [
           -9.876948,
           -2.7000365,
           0.0020666,
           0.0001815,
           -0.001125,
           -0.048846,
           -0.0000123,
           -0.0678936,
           -0.0100351,
           0.0254809,
           0.1360441,
           1e-7,
           0.0000016,
           -1e-7,
           0.0000013,
           0.0000068,
           -0.0159517,
           0.0053508,
           -0.0055712,
           -0.0345021,
           -0.0000143,
           -0.3094759,
           -0.5004543,
           -0.1032795,
           -0.0748575,
           -0.6045346,
           -0.5808705,
           -0.0598481,
           2e-7,
           -0.0078271,
           -0.0148933,
           -0.011691,
           0.0056958,
           -1e-7,
           -0.0000017,
           -0.0000042,
           0.0000033,
           -0.0000054,
           1e-7,
           -0.0002643,
           -0.0003402,
           -0.0007366,
           0.0002118
          ],
          [
           -2.7000365,
           -1.1591094,
           0.0458466,
           0.0051841,
           -0.0321072,
           -0.1095022,
           -0.3593952,
           -0.3243787,
           -0.0136629,
           0.0393763,
           0.2084297,
           -0.0240771,
           -0.0292472,
           0.0019829,
           -0.0020716,
           -0.0128078,
           -0.0549888,
           0.0109419,
           -0.0108247,
           -0.0671785,
           -0.3102363,
           -0.4111849,
           -0.3602359,
           -0.0715465,
           -0.0655766,
           -0.4571473,
           -0.4447531,
           -0.126056,
           -0.022437,
           -0.0697785,
           -0.0550754,
           -0.0536148,
           0.0314391,
           -0.0002653,
           -0.0039938,
           -0.0052054,
           -0.0017002,
           0.0031669,
           -0.0067482,
           -0.0207649,
           -0.0057934,
           -0.0219616,
           0.0058047
          ],
          [
           0.0020666,
           0.0458466,
           -0.1029987,
           -0.0075068,
           0.0014951,
           0.1091941,
           0.0437747,
           0.0335918,
           -0.0704619,
           -0.0042826,
           -0.0214621,
           -0.0090883,
           -0.0104774,
           -0.0026111,
           -0.0007303,
           -0.0045301,
           -0.0098351,
           -0.0131912,
           -0.0018351,
           -0.0107822,
           0.5016945,
           0.3708434,
           0.1558431,
           0.0478056,
           0.0493547,
           -0.1325491,
           -0.0684313,
           0.1360998,
           0.039054,
           0.0840586,
           0.0465242,
           0.0658507,
           -0.0401405,
           0.0007261,
           0.0067981,
           0.0079911,
           0.0026583,
           -0.0057711,
           0.0070392,
           0.0167356,
           -0.0023455,
           0.018034,
           -0.0049166
          ],
          [
           0.0001815,
           0.0051841,
           -0.0075068,
           -0.0589337,
           0.0067677,
           0.0324587,
           -0.1110866,
           -0.0808194,
           -0.0037408,
           -0.0615969,
           0.049521,
           0.0094418,
           0.0108706,
           -0.0007211,
           -0.0025866,
           0.0046421,
           0.0108681,
           -0.0021085,
           -0.0124741,
           0.012762,
           0.1035515,
           0.0781326,
           0.0519166,
           -0.0920722,
           0.0116746,
           0.1710159,
           -0.1890806,
           -0.0109403,
           0.0306766,
           0.055763,
           0.042769,
           0.0200567,
           -0.0219206,
           0.0003341,
           0.0035968,
           0.0047745,
           0.0003924,
           -0.0026116,
           0.0156592,
           0.031342,
           0.0086514,
           0.0273238,
           -0.0081541
          ],
          [
           -0.001125,
           -0.0321072,
           0.0014951,
           0.0067677,
           -0.0290285,
           0.0479005,
           -0.5932299,
           -0.4336209,
           -0.0181085,
           0.0502745,
           0.1955925,
           0.0584987,
           0.0673729,
           -0.0044943,
           0.0046585,
           0.0255138,
           0.0672054,
           -0.0123087,
           0.0126728,
           0.0635209,
           0.0749729,
           0.0441707,
           0.0283145,
           0.0065294,
           -0.0978098,
           -0.0015733,
           0.073081,
           -0.0014479,
           -0.0149719,
           -0.0227146,
           -0.0180818,
           -0.0134945,
           -0.0099064,
           -0.0003486,
           -0.0029437,
           -0.0038346,
           -0.0009498,
           0.0007801,
           -0.004575,
           -0.0096336,
           -0.0024984,
           -0.010147,
           -0.002801
          ],
          [
           -0.048846,
           -0.1095022,
           0.1091941,
           0.0324587,
           0.0479005,
           -0.2084975,
           -0.0016177,
           -0.0044246,
           0.0023589,
           0.0016664,
           0.0053725,
           -0.0461728,
           -0.0512436,
           0.0146046,
           0.001637,
           -0.0084023,
           -0.0493601,
           0.0404604,
           0.0040896,
           -0.0250424,
           -0.669418,
           -0.50974,
           0.067484,
           0.0842487,
           0.2096943,
           -0.0310043,
           -0.0283753,
           -0.171445,
           -0.0791938,
           -0.1322044,
           -0.0129549,
           -0.0638364,
           0.1058329,
           -0.0077947,
           -0.0196204,
           -0.0133042,
           -0.0036924,
           0.0175304,
           -0.0145158,
           -0.0281516,
           0.0102589,
           -0.0222778,
           0.014163
          ],
          [
           -0.0000123,
           -0.3593952,
           0.0437747,
           -0.1110866,
           -0.5932299,
           -0.0016177,
           -24.0844745,
           -6.2073287,
           -0.0007808,
           0.0021475,
           0.0114645,
           0,
           -1e-7,
           0,
           0,
           -1e-7,
           -0.0000056,
           0.0000024,
           -0.0000025,
           -0.0000153,
           2e-7,
           -0.0390631,
           -0.0518168,
           -0.0223873,
           -0.0661562,
           -0.080617,
           -0.076429,
           -0.0347975,
           0,
           -0.0042414,
           -0.0079172,
           -0.0079407,
           -0.0038105,
           1e-7,
           -0.0000069,
           -0.0000228,
           -0.0000123,
           -1e-7,
           1e-7,
           -0.0000334,
           -0.0000387,
           -0.0001122,
           -0.0000314
          ],
          [
           -0.0678936,
           -0.3243787,
           0.0335918,
           -0.0808194,
           -0.4336209,
           -0.0044246,
           -6.2073287,
           -2.3636335,
           -0.0011439,
           0.0122607,
           0.06245,
           3e-7,
           0.0000024,
           -3e-7,
           0.0000033,
           0.000017,
           -0.0002956,
           0.0000743,
           -0.0001438,
           -0.0008116,
           -0.0009321,
           -0.058034,
           -0.0621646,
           -0.0252101,
           -0.0720486,
           -0.0858645,
           -0.0819998,
           -0.0390421,
           -0.0001096,
           -0.0148194,
           -0.0179405,
           -0.0179821,
           -0.0079989,
           2e-7,
           -0.0007242,
           -0.001256,
           -0.0007407,
           0.000013,
           -0.0000013,
           -0.0016211,
           -0.0009579,
           -0.0028655,
           -0.0007262
          ],
          [
           -0.0100351,
           -0.0136629,
           -0.0704619,
           -0.0037408,
           -0.0181085,
           0.0023589,
           -0.0007808,
           -0.0011439,
           0.0076778,
           -0.0004784,
           -0.0002774,
           0,
           0.0000039,
           -0.0000041,
           0.0000011,
           0.0000132,
           -0.0000935,
           0.0000228,
           -0.0000366,
           -0.0003029,
           0.0016432,
           0.0251445,
           0.0129102,
           0.0103859,
           0.0322057,
           -0.0192787,
           -0.011627,
           0.0204177,
           0.000247,
           0.0115584,
           0.0097434,
           0.0136595,
           0.0063056,
           5e-7,
           0.0011334,
           0.0016744,
           0.0011086,
           -0.0000703,
           0.000002,
           0.0009327,
           -0.0000302,
           0.0016645,
           0.0002327
          ],
          [
           0.0254809,
           0.0393763,
           -0.0042826,
           -0.0615969,
           0.0502745,
           0.0016664,
           0.0021475,
           0.0122607,
           -0.0004784,
           0.007682,
           -0.0041676,
           -2e-7,
           -0.000003,
           -0.000005,
           -7e-7,
           -0.0000215,
           0.0001328,
           0.0000741,
           0.0000064,
           0.0004972,
           0.0006998,
           0.0132834,
           0.0141227,
           -0.0068781,
           0.015768,
           0.0286507,
           -0.0110372,
           -0.0017223,
           0.0002526,
           0.0117083,
           0.0140372,
           0.0102198,
           0.006653,
           -0.0000031,
           0.0006521,
           0.0008768,
           0.0003094,
           -0.0004894,
           0.0000033,
           0.0024631,
           0.0011673,
           0.0037465,
           0.0006559
          ],
          [
           0.1360441,
           0.2084297,
           -0.0214621,
           0.049521,
           0.1955925,
           0.0053725,
           0.0114645,
           0.06245,
           -0.0002774,
           -0.0041676,
           -0.0104526,
           -0.0000011,
           -0.0000201,
           0.0000061,
           -0.0000234,
           -0.0001207,
           0.0007882,
           -0.0002138,
           0.0005231,
           0.0027794,
           0.0020678,
           0.0432906,
           0.0482115,
           0.0180603,
           0.0373298,
           0.0525551,
           0.0581657,
           0.0180621,
           0.0001179,
           0.0063464,
           0.0077311,
           0.0075394,
           -0.0007918,
           0.0000025,
           0.0001083,
           0.0003083,
           0.0004089,
           -0.000272,
           0.0000041,
           0.000842,
           0.0005955,
           0.0017354,
           -0.0001698
          ],
          [
           1e-7,
           -0.0240771,
           -0.0090883,
           0.0094418,
           0.0584987,
           -0.0461728,
           0,
           3e-7,
           0,
           -2e-7,
           -0.0000011,
           -99.8227041,
           -35.5867726,
           0.000223,
           -0.0000828,
           -0.0004751,
           -1.4547356,
           0.0000084,
           -0.0000031,
           -0.0000168,
           0,
           -0.0045478,
           -0.0083574,
           0.0004132,
           0.0100541,
           -0.0453168,
           -0.049513,
           -0.0005271,
           0,
           -5e-7,
           -8e-7,
           -2e-7,
           0.0000023,
           0,
           0,
           -3e-7,
           -2e-7,
           -3e-7,
           0,
           1e-7,
           -3e-7,
           -3e-7,
           -4e-7
          ],
          [
           0.0000016,
           -0.0292472,
           -0.0104774,
           0.0108706,
           0.0673729,
           -0.0512436,
           -1e-7,
           0.0000024,
           0.0000039,
           -0.000003,
           -0.0000201,
           -35.5867726,
           -20.3326349,
           0.0012682,
           -0.0005115,
           -0.0026179,
           -2.7467431,
           0.0004641,
           -0.0001978,
           -0.0009791,
           6e-7,
           -0.0060489,
           -0.0104873,
           0.0005224,
           0.0126335,
           -0.0503361,
           -0.0548191,
           -0.0006982,
           0,
           1e-7,
           -0.0000034,
           9e-7,
           0.0000033,
           0,
           -3e-7,
           -0.0000015,
           -0.0000017,
           8e-7,
           0,
           -1e-7,
           -0.0000012,
           -8e-7,
           0
          ],
          [
           -1e-7,
           0.0019829,
           -0.0026111,
           -0.0007211,
           -0.0044943,
           0.0146046,
           0,
           -3e-7,
           -0.0000041,
           -0.000005,
           0.0000061,
           0.000223,
           0.0012682,
           -6.4432503,
           -0.0000765,
           0.0002759,
           0.0004753,
           -1.7979261,
           -0.0000505,
           0.0001887,
           -0.000002,
           0.0020886,
           0.0028039,
           -0.0001954,
           -0.0042481,
           -0.0023631,
           -0.0001953,
           0.0002399,
           4e-7,
           -0.000005,
           -0.000029,
           -0.0000311,
           -0.0000416,
           -1e-7,
           5e-7,
           0.0000302,
           0.000023,
           0.0000317,
           -1e-7,
           -8e-7,
           0.0000338,
           0.0000299,
           0.0000447
          ],
          [
           0.0000013,
           -0.0020716,
           -0.0007303,
           -0.0025866,
           0.0046585,
           0.001637,
           0,
           0.0000033,
           0.0000011,
           -7e-7,
           -0.0000234,
           -0.0000828,
           -0.0005115,
           -0.0000765,
           -6.4427377,
           -0.0002643,
           -0.0002048,
           -0.0000504,
           -1.7975858,
           -0.0001801,
           -2e-7,
           -0.0000991,
           -0.0001795,
           -0.0006894,
           0.0001988,
           0.0032189,
           -0.0101877,
           -0.0000922,
           0,
           5e-7,
           -0.000003,
           -0.0000029,
           -0.0000079,
           0,
           0,
           0.0000043,
           0.0000026,
           0.0000053,
           0,
           0,
           0.0000049,
           0.0000037,
           0.0000068
          ],
          [
           0.0000068,
           -0.0128078,
           -0.0045301,
           0.0046421,
           0.0255138,
           -0.0084023,
           -1e-7,
           0.000017,
           0.0000132,
           -0.0000215,
           -0.0001207,
           -0.0004751,
           -0.0026179,
           0.0002759,
           -0.0002643,
           -6.4442799,
           -0.0009996,
           0.0001891,
           -0.00018,
           -1.7986328,
           0.0000013,
           -0.0024996,
           -0.0042399,
           0.0002173,
           0.0043768,
           -0.0162484,
           -0.014825,
           -0.0002435,
           -3e-7,
           0.0000056,
           0.0000021,
           0.0000148,
           0.0000061,
           0,
           -9e-7,
           -0.0000094,
           -0.0000097,
           0.0000016,
           0,
           3e-7,
           -0.0000055,
           -0.000007,
           -0.0000031
          ],
          [
           -0.0159517,
           -0.0549888,
           -0.0098351,
           0.0108681,
           0.0672054,
           -0.0493601,
           -0.0000056,
           -0.0002956,
           -0.0000935,
           0.0001328,
           0.0007882,
           -1.4547356,
           -2.7467431,
           0.0004753,
           -0.0002048,
           -0.0009996,
           -0.9707057,
           0.0047081,
           -0.0023432,
           -0.0107778,
           -0.0030866,
           -0.0238196,
           -0.0220728,
           0.0006777,
           0.0242306,
           -0.0510076,
           -0.0539737,
           -0.0044221,
           -0.0000063,
           -0.0010269,
           -0.0010323,
           -0.0006877,
           0.0013203,
           -5e-7,
           -0.0000054,
           0.0000605,
           0.0000532,
           0.0000553,
           -0.0000074,
           -0.0003583,
           -0.0001617,
           -0.0002673,
           0.0005496
          ],
          [
           0.0053508,
           0.0109419,
           -0.0131912,
           -0.0021085,
           -0.0123087,
           0.0404604,
           0.0000024,
           0.0000743,
           0.0000228,
           0.0000741,
           -0.0002138,
           0.0000084,
           0.0004641,
           -1.7979261,
           -0.0000504,
           0.0001891,
           0.0047081,
           -0.3675002,
           -0.0000026,
           0.0019799,
           0.0050307,
           0.0201898,
           0.0113091,
           -0.0008187,
           -0.0208332,
           -0.0045791,
           0.000986,
           0.0043725,
           0.00001,
           0.0012029,
           0.0014194,
           0.0012764,
           -0.0007884,
           0.0000013,
           0.0000047,
           -0.0005575,
           -0.0004242,
           -0.0006602,
           0.0000105,
           0.0002872,
           -0.0005705,
           -0.0003142,
           -0.0012551
          ],
          [
           -0.0055712,
           -0.0108247,
           -0.0018351,
           -0.0124741,
           0.0126728,
           0.0040896,
           -0.0000025,
           -0.0001438,
           -0.0000366,
           0.0000064,
           0.0005231,
           -0.0000031,
           -0.0001978,
           -0.0000505,
           -1.7975858,
           -0.00018,
           -0.0023432,
           -0.0000026,
           -0.3658682,
           -0.0013297,
           -0.0002455,
           -0.0013884,
           -0.00168,
           -0.0060985,
           0.0010272,
           0.0070548,
           -0.0272898,
           -0.0014706,
           0.0000073,
           0.0004136,
           0.0004843,
           0.0000575,
           -0.0004503,
           2e-7,
           0.000003,
           -0.0000826,
           -0.0000568,
           -0.0001082,
           0.0000127,
           0.0003608,
           0.0001179,
           0.0001555,
           -0.0006341
          ],
          [
           -0.0345021,
           -0.0671785,
           -0.0107822,
           0.012762,
           0.0635209,
           -0.0250424,
           -0.0000153,
           -0.0008116,
           -0.0003029,
           0.0004972,
           0.0027794,
           -0.0000168,
           -0.0009791,
           0.0001887,
           -0.0001801,
           -1.7986328,
           -0.0107778,
           0.0019799,
           -0.0013297,
           -0.3734619,
           -0.0060405,
           -0.026509,
           -0.0250905,
           0.0001935,
           0.0192783,
           -0.0503015,
           -0.0456601,
           -0.0052064,
           -0.0000189,
           -0.0017057,
           -0.0016554,
           -0.001269,
           0.001913,
           -4e-7,
           0.0000024,
           0.0001456,
           0.0001553,
           0.0000145,
           -0.0000184,
           -0.0005932,
           -0.0002626,
           -0.0004188,
           0.0007958
          ],
          [
           -0.0000143,
           -0.3102363,
           0.5016945,
           0.1035515,
           0.0749729,
           -0.669418,
           2e-7,
           -0.0009321,
           0.0016432,
           0.0006998,
           0.0020678,
           0,
           6e-7,
           -0.000002,
           -2e-7,
           0.0000013,
           -0.0030866,
           0.0050307,
           -0.0002455,
           -0.0060405,
           -9.9033121,
           -2.7080065,
           0.0017263,
           0.0018234,
           -0.0028341,
           -0.0429625,
           -0.041721,
           -0.6734295,
           -0.0000079,
           -0.2459004,
           -0.0977614,
           -0.3182407,
           0.2596116,
           0.0000015,
           -0.0030949,
           -0.0049482,
           -0.0036639,
           0.0057617,
           0.0000014,
           -0.0030271,
           0.001394,
           -0.0074509,
           0.0032862
          ],
          [
           -0.3094759,
           -0.4111849,
           0.3708434,
           0.0781326,
           0.0441707,
           -0.50974,
           -0.0390631,
           -0.058034,
           0.0251445,
           0.0132834,
           0.0432906,
           -0.0045478,
           -0.0060489,
           0.0020886,
           -0.0000991,
           -0.0024996,
           -0.0238196,
           0.0201898,
           -0.0013884,
           -0.026509,
           -2.7080065,
           -1.2285978,
           -0.0011354,
           0.0320016,
           -0.0491462,
           -0.1015648,
           -0.0971049,
           -0.5220735,
           -0.3681649,
           -0.4445742,
           -0.0826203,
           -0.2692145,
           0.2189895,
           -0.0324792,
           -0.0778508,
           -0.0618469,
           -0.0218931,
           0.0575453,
           -0.0320489,
           -0.0771882,
           0.0298208,
           -0.0783342,
           0.0224625
          ],
          [
           -0.5004543,
           -0.3602359,
           0.1558431,
           0.0519166,
           0.0283145,
           0.067484,
           -0.0518168,
           -0.0621646,
           0.0129102,
           0.0141227,
           0.0482115,
           -0.0083574,
           -0.0104873,
           0.0028039,
           -0.0001795,
           -0.0042399,
           -0.0220728,
           0.0113091,
           -0.00168,
           -0.0250905,
           0.0017263,
           -0.0011354,
           -0.1464619,
           -0.0155922,
           -0.0078087,
           -0.1112591,
           -0.0980856,
           0.1412184,
           0.1421692,
           0.1119571,
           -0.101531,
           0.0599824,
           -0.0426506,
           0.0429664,
           0.0644495,
           0.0302434,
           0.0200056,
           -0.0458648,
           -0.0121571,
           -0.0093683,
           -0.0175512,
           -0.0064775,
           0.0044903
          ],
          [
           -0.1032795,
           -0.0715465,
           0.0478056,
           -0.0920722,
           0.0065294,
           0.0842487,
           -0.0223873,
           -0.0252101,
           0.0103859,
           -0.0068781,
           0.0180603,
           0.0004132,
           0.0005224,
           -0.0001954,
           -0.0006894,
           0.0002173,
           0.0006777,
           -0.0008187,
           -0.0060985,
           0.0001935,
           0.0018234,
           0.0320016,
           -0.0155922,
           -0.1324006,
           0.0100412,
           0.0113779,
           -0.0482549,
           -0.1861416,
           0.4626961,
           0.3641457,
           0.0595003,
           0.0687245,
           -0.1490683,
           0.0316601,
           0.0647274,
           0.0552664,
           -0.0015187,
           -0.0488184,
           0.0651105,
           0.1095929,
           -0.0416002,
           0.0927242,
           -0.0316377
          ],
          [
           -0.0748575,
           -0.0655766,
           0.0493547,
           0.0116746,
           -0.0978098,
           0.2096943,
           -0.0661562,
           -0.0720486,
           0.0322057,
           0.015768,
           0.0373298,
           0.0100541,
           0.0126335,
           -0.0042481,
           0.0001988,
           0.0043768,
           0.0242306,
           -0.0208332,
           0.0010272,
           0.0192783,
           -0.0028341,
           -0.0491462,
           -0.0078087,
           0.0100412,
           -0.126089,
           -0.0155509,
           -0.0014647,
           -0.0921215,
           -0.3775037,
           -0.2986778,
           -0.0430549,
           -0.1510768,
           0.0118636,
           -0.0498036,
           -0.0849302,
           -0.0664157,
           -0.0230637,
           0.0457153,
           -0.0285992,
           -0.0568151,
           0.0252087,
           -0.0586504,
           -0.0008657
          ],
          [
           -0.6045346,
           -0.4571473,
           -0.1325491,
           0.1710159,
           -0.0015733,
           -0.0310043,
           -0.080617,
           -0.0858645,
           -0.0192787,
           0.0286507,
           0.0525551,
           -0.0453168,
           -0.0503361,
           -0.0023631,
           0.0032189,
           -0.0162484,
           -0.0510076,
           -0.0045791,
           0.0070548,
           -0.0503015,
           -0.0429625,
           -0.1015648,
           -0.1112591,
           0.0113779,
           -0.0155509,
           -0.1552951,
           -0.133596,
           -0.0217872,
           -0.0134571,
           -0.0321676,
           -0.0304479,
           -0.006927,
           0.0104127,
           -0.0001633,
           -0.0016896,
           -0.0024605,
           -0.0001616,
           0.0011998,
           -0.028177,
           -0.0363984,
           -0.0168339,
           -0.0203035,
           0.0081699
          ],
          [
           -0.5808705,
           -0.4447531,
           -0.0684313,
           -0.1890806,
           0.073081,
           -0.0283753,
           -0.076429,
           -0.0819998,
           -0.011627,
           -0.0110372,
           0.0581657,
           -0.049513,
           -0.0548191,
           -0.0001953,
           -0.0101877,
           -0.014825,
           -0.0539737,
           0.000986,
           -0.0272898,
           -0.0456601,
           -0.041721,
           -0.0971049,
           -0.0980856,
           -0.0482549,
           -0.0014647,
           -0.133596,
           -0.1489414,
           -0.0388653,
           -0.0008297,
           -0.006852,
           -0.0057845,
           -0.0074984,
           0.0041596,
           -0.0000131,
           -0.0002631,
           -0.0002444,
           -0.0000328,
           -0.0000944,
           -0.0001495,
           -0.0010705,
           -0.0005651,
           -0.0013295,
           0.0002213
          ],
          [
           -0.0598481,
           -0.126056,
           0.1360998,
           -0.0109403,
           -0.0014479,
           -0.171445,
           -0.0347975,
           -0.0390421,
           0.0204177,
           -0.0017223,
           0.0180621,
           -0.0005271,
           -0.0006982,
           0.0002399,
           -0.0000922,
           -0.0002435,
           -0.0044221,
           0.0043725,
           -0.0014706,
           -0.0052064,
           -0.6734295,
           -0.5220735,
           0.1412184,
           -0.1861416,
           -0.0921215,
           -0.0217872,
           -0.0388653,
           -0.2411089,
           -0.0815637,
           -0.1376837,
           0.0067357,
           -0.1189023,
           0.0483697,
           -0.040522,
           -0.0559903,
           -0.0228735,
           -0.0286406,
           0.0278234,
           -0.002915,
           -0.0118412,
           0.0070832,
           -0.014428,
           0.00239
          ],
          [
           2e-7,
           -0.022437,
           0.039054,
           0.0306766,
           -0.0149719,
           -0.0791938,
           0,
           -0.0001096,
           0.000247,
           0.0002526,
           0.0001179,
           0,
           0,
           4e-7,
           0,
           -3e-7,
           -0.0000063,
           0.00001,
           0.0000073,
           -0.0000189,
           -0.0000079,
           -0.3681649,
           0.1421692,
           0.4626961,
           -0.3775037,
           -0.0134571,
           -0.0008297,
           -0.0815637,
           -14.2425484,
           -3.6573579,
           0.0013729,
           0.0037049,
           -0.0024581,
           -0.0000353,
           -0.4242708,
           -0.5960517,
           0.0679488,
           0.3895301,
           -0.0000366,
           -0.428597,
           0.435342,
           -0.576024,
           0.0031073
          ],
          [
           -0.0078271,
           -0.0697785,
           0.0840586,
           0.055763,
           -0.0227146,
           -0.1322044,
           -0.0042414,
           -0.0148194,
           0.0115584,
           0.0117083,
           0.0063464,
           -5e-7,
           1e-7,
           -0.000005,
           5e-7,
           0.0000056,
           -0.0010269,
           0.0012029,
           0.0004136,
           -0.0017057,
           -0.2459004,
           -0.4445742,
           0.1119571,
           0.3641457,
           -0.2986778,
           -0.0321676,
           -0.006852,
           -0.1376837,
           -3.6573579,
           -1.7671376,
           0.0223635,
           0.0636554,
           -0.0448418,
           -0.6063107,
           -0.6724225,
           -0.476355,
           0.0552632,
           0.3115817,
           -0.6115556,
           -0.6765015,
           0.3478832,
           -0.4580645,
           0.0015744
          ],
          [
           -0.0148933,
           -0.0550754,
           0.0465242,
           0.042769,
           -0.0180818,
           -0.0129549,
           -0.0079172,
           -0.0179405,
           0.0097434,
           0.0140372,
           0.0077311,
           -8e-7,
           -0.0000034,
           -0.000029,
           -0.000003,
           0.0000021,
           -0.0010323,
           0.0014194,
           0.0004843,
           -0.0016554,
           -0.0977614,
           -0.0826203,
           -0.101531,
           0.0595003,
           -0.0430549,
           -0.0304479,
           -0.0057845,
           0.0067357,
           0.0013729,
           0.0223635,
           -0.4268683,
           0.1068399,
           0.1113286,
           0.837616,
           0.5774456,
           0.1761978,
           -0.0406725,
           -0.2306631,
           -0.6112076,
           -0.4180479,
           0.0091003,
           -0.2405847,
           -0.0016817
          ],
          [
           -0.011691,
           -0.0536148,
           0.0658507,
           0.0200567,
           -0.0134945,
           -0.0638364,
           -0.0079407,
           -0.0179821,
           0.0136595,
           0.0102198,
           0.0075394,
           -2e-7,
           9e-7,
           -0.0000311,
           -0.0000029,
           0.0000148,
           -0.0006877,
           0.0012764,
           0.0000575,
           -0.001269,
           -0.3182407,
           -0.2692145,
           0.0599824,
           0.0687245,
           -0.1510768,
           -0.006927,
           -0.0074984,
           -0.1189023,
           0.0037049,
           0.0636554,
           0.1068399,
           -0.386383,
           0.0335329,
           -0.0953904,
           -0.0637938,
           -0.0374903,
           -0.1659838,
           0.0214927,
           0.8088778,
           0.5567785,
           -0.2450584,
           0.1506397,
           -0.0040252
          ],
          [
           0.0056958,
           0.0314391,
           -0.0401405,
           -0.0219206,
           -0.0099064,
           0.1058329,
           -0.0038105,
           -0.0079989,
           0.0063056,
           0.006653,
           -0.0007918,
           0.0000023,
           0.0000033,
           -0.0000416,
           -0.0000079,
           0.0000061,
           0.0013203,
           -0.0007884,
           -0.0004503,
           0.001913,
           0.2596116,
           0.2189895,
           -0.0426506,
           -0.1490683,
           0.0118636,
           0.0104127,
           0.0041596,
           0.0483697,
           -0.0024581,
           -0.0448418,
           0.1113286,
           0.0335329,
           -0.289056,
           -0.5474227,
           -0.3775204,
           -0.2305904,
           0.0237049,
           -0.0234338,
           -0.0044216,
           -0.0043783,
           0.0000421,
           -0.0061482,
           -0.1734521
          ],
          [
           -1e-7,
           -0.0002653,
           0.0007261,
           0.0003341,
           -0.0003486,
           -0.0077947,
           1e-7,
           2e-7,
           5e-7,
           -0.0000031,
           0.0000025,
           0,
           0,
           -1e-7,
           0,
           0,
           -5e-7,
           0.0000013,
           2e-7,
           -4e-7,
           0.0000015,
           -0.0324792,
           0.0429664,
           0.0316601,
           -0.0498036,
           -0.0001633,
           -0.0000131,
           -0.040522,
           -0.0000353,
           -0.6063107,
           0.837616,
           -0.0953904,
           -0.5474227,
           -18.7125952,
           -4.8198642,
           -0.0179074,
           0.0023103,
           0.0116824,
           0.0000036,
           -0.0068121,
           0.0148091,
           -0.0091954,
           -0.0055765
          ],
          [
           -0.0000017,
           -0.0039938,
           0.0067981,
           0.0035968,
           -0.0029437,
           -0.0196204,
           -0.0000069,
           -0.0007242,
           0.0011334,
           0.0006521,
           0.0001083,
           0,
           -3e-7,
           5e-7,
           0,
           -9e-7,
           -0.0000054,
           0.0000047,
           0.000003,
           0.0000024,
           -0.0030949,
           -0.0778508,
           0.0644495,
           0.0647274,
           -0.0849302,
           -0.0016896,
           -0.0002631,
           -0.0559903,
           -0.4242708,
           -0.6724225,
           0.5774456,
           -0.0637938,
           -0.3775204,
           -4.8198642,
           -1.9473466,
           -0.1678826,
           0.0194282,
           0.111479,
           -0.006814,
           -0.0619288,
           0.0698722,
           -0.0557589,
           -0.019491
          ],
          [
           -0.0000042,
           -0.0052054,
           0.0079911,
           0.0047745,
           -0.0038346,
           -0.0133042,
           -0.0000228,
           -0.001256,
           0.0016744,
           0.0008768,
           0.0003083,
           -3e-7,
           -0.0000015,
           0.0000302,
           0.0000043,
           -0.0000094,
           0.0000605,
           -0.0005575,
           -0.0000826,
           0.0001456,
           -0.0049482,
           -0.0618469,
           0.0302434,
           0.0552664,
           -0.0664157,
           -0.0024605,
           -0.0002444,
           -0.0228735,
           -0.5960517,
           -0.476355,
           0.1761978,
           -0.0374903,
           -0.2305904,
           -0.0179074,
           -0.1678826,
           -0.1489682,
           0.016132,
           0.079792,
           -0.0148138,
           -0.0766195,
           0.0735204,
           -0.0675657,
           -0.0177655
          ],
          [
           0.0000033,
           -0.0017002,
           0.0026583,
           0.0003924,
           -0.0009498,
           -0.0036924,
           -0.0000123,
           -0.0007407,
           0.0011086,
           0.0003094,
           0.0004089,
           -2e-7,
           -0.0000017,
           0.000023,
           0.0000026,
           -0.0000097,
           0.0000532,
           -0.0004242,
           -0.0000568,
           0.0001553,
           -0.0036639,
           -0.0218931,
           0.0200056,
           -0.0015187,
           -0.0230637,
           -0.0001616,
           -0.0000328,
           -0.0286406,
           0.0679488,
           0.0552632,
           -0.0406725,
           -0.1659838,
           0.0237049,
           0.0023103,
           0.0194282,
           0.016132,
           -0.0396213,
           -0.0036988,
           0.0091967,
           0.0352055,
           -0.0357454,
           0.0164198,
           0.0149735
          ],
          [
           -0.0000054,
           0.0031669,
           -0.0057711,
           -0.0026116,
           0.0007801,
           0.0175304,
           -1e-7,
           0.000013,
           -0.0000703,
           -0.0004894,
           -0.000272,
           -3e-7,
           8e-7,
           0.0000317,
           0.0000053,
           0.0000016,
           0.0000553,
           -0.0006602,
           -0.0001082,
           0.0000145,
           0.0057617,
           0.0575453,
           -0.0458648,
           -0.0488184,
           0.0457153,
           0.0011998,
           -0.0000944,
           0.0278234,
           0.3895301,
           0.3115817,
           -0.2306631,
           0.0214927,
           -0.0234338,
           0.0116824,
           0.111479,
           0.079792,
           -0.0036988,
           -0.0807427,
           0.0055782,
           0.0356498,
           -0.0352006,
           0.0378996,
           0.0015558
          ],
          [
           1e-7,
           -0.0067482,
           0.0070392,
           0.0156592,
           -0.004575,
           -0.0145158,
           1e-7,
           -0.0000013,
           0.000002,
           0.0000033,
           0.0000041,
           0,
           0,
           -1e-7,
           0,
           0,
           -0.0000074,
           0.0000105,
           0.0000127,
           -0.0000184,
           0.0000014,
           -0.0320489,
           -0.0121571,
           0.0651105,
           -0.0285992,
           -0.028177,
           -0.0001495,
           -0.002915,
           -0.0000366,
           -0.6115556,
           -0.6112076,
           0.8088778,
           -0.0044216,
           0.0000036,
           -0.006814,
           -0.0148138,
           0.0091967,
           0.0055782,
           -18.7202786,
           -4.821256,
           0.0134032,
           -0.0172016,
           -0.0001715
          ],
