{
 "cells": [
  {
   "cell_type": "markdown",
   "metadata": {
    "slideshow": {
     "slide_type": "slide"
    }
   },
   "source": [
    "## Using the DFT Hamiltonian to learn activation barriers for chemical reactions"
   ]
  },
  {
   "cell_type": "markdown",
   "metadata": {
    "slideshow": {
     "slide_type": "slide"
    }
   },
   "source": [
    "DFT computes the energies by solving the generalised eigenvalue problem:\n",
    "\n",
    "$$\n",
    "\\boldsymbol{H(R)}\\psi_i = \\epsilon_i \\boldsymbol{S(R)}\\psi_i\n",
    "$$\n",
    "\n",
    "where $\\boldsymbol{H(R)}$ is the Hamiltonian Matrix, $\\boldsymbol{S(R)}$ is the overlap matrix, $\\epsilon_i$ is the computed eigenvalue for state i, with an eigenvector $\\psi_i$.\n",
    "\n",
    "$\\boldsymbol{H(R)}$ and $\\boldsymbol{S(R)}$ change with rotation, which means we have to process them appropriately prior to using them as features in our NN models."
   ]
  },
  {
   "cell_type": "code",
   "execution_count": 1,
   "metadata": {
    "slideshow": {
     "slide_type": "skip"
    }
   },
   "outputs": [],
   "source": [
    "import numpy as np\n",
    "import plotly.express as px\n",
    "from instance_mongodb import instance_mongodb_sei\n",
    "\n",
    "from pymatgen.core.structure import Molecule\n",
    "\n",
    "import torch\n",
    "\n",
    "from e3nn import o3\n",
    "\n",
    "from utils import rotate_three_dimensions, subdiagonalize_matrix"
   ]
  },
  {
   "cell_type": "code",
   "execution_count": 2,
   "metadata": {},
   "outputs": [],
   "source": [
    "def add_bounds_to_figure(fig):\n",
    "\n",
    "    fig.add_shape(\n",
    "        type=\"line\",\n",
    "        x0=-0.5,\n",
    "        y0=4.5,\n",
    "        x1=6.5,\n",
    "        y1=4.5,\n",
    "        line=dict(color=\"black\", width=2),\n",
    "    )\n",
    "    fig.add_shape(\n",
    "        type=\"line\",\n",
    "        x0=-0.5,\n",
    "        y0=5.5,\n",
    "        x1=6.5,\n",
    "        y1=5.5,\n",
    "        line=dict(color=\"black\", width=2),\n",
    "    )\n",
    "    fig.add_shape(\n",
    "        type=\"line\",\n",
    "        x0=-0.5,\n",
    "        y0=-0.5,\n",
    "        x1=-0.5,\n",
    "        y1=6.5,\n",
    "        line=dict(color=\"black\", width=2),\n",
    "    )\n",
    "    fig.add_shape(\n",
    "        type=\"line\",\n",
    "        x0=4.5,\n",
    "        y0=-0.5,\n",
    "        x1=4.5,\n",
    "        y1=6.5,\n",
    "        line=dict(color=\"black\", width=2),\n",
    "    )\n",
    "\n",
    "    fig.update_xaxes(\n",
    "        ticktext=[ \"O1s\", \"O2s\", \"O2p\", \"O2p\", \"O2p\", \"H1s\", \"H1s\",],\n",
    "        tickvals=np.arange(11),\n",
    "    )\n",
    "    fig.update_yaxes(\n",
    "        ticktext=[\"O1s\", \"O2s\", \"O2p\", \"O2p\", \"O2p\", \"H1s\", \"H1s\"],\n",
    "        tickvals=np.arange(11),\n",
    "    )\n",
    "\n",
    "    return fig"
   ]
  },
  {
   "cell_type": "code",
   "execution_count": 3,
   "metadata": {
    "slideshow": {
     "slide_type": "slide"
    }
   },
   "outputs": [],
   "source": [
    "db = instance_mongodb_sei(project=\"mlts\")\n",
    "collection = db.rotated_waters_dataset\n",
    "\n",
    "hamiltonians = []\n",
    "angles = []\n",
    "structures = []\n",
    "overlap_matrices = []\n",
    "coefficients = []\n",
    "eigenvalues = []\n",
    "\n",
    "for doc in collection.find({}).limit(10):\n",
    "    hamiltonians.append(doc[\"fock_matrices\"][0])\n",
    "    overlap_matrices.append(doc[\"overlap_matrices\"][0])\n",
    "    structure = Molecule.from_dict(doc[\"structures\"][0])\n",
    "    structures.append(structure)\n",
    "    coefficients.append(doc[\"coeff_matrices\"][0])\n",
    "    angles.append(doc[\"angles\"])\n",
    "    eigenvalues.append(doc[\"eigenvalues\"][0])\n",
    "\n",
    "hamiltonians = np.array(hamiltonians)\n",
    "overlap_matrices = np.array(overlap_matrices)\n",
    "coefficients = np.array(coefficients)\n",
    "angles = np.array(angles)\n",
    "eigenvalues = np.array(eigenvalues)\n",
    "eigenvalues = eigenvalues[..., np.newaxis, :]"
   ]
  },
  {
   "cell_type": "code",
   "execution_count": 4,
   "metadata": {},
   "outputs": [
    {
     "data": {
      "application/vnd.plotly.v1+json": {
       "config": {
        "plotlyServerURL": "https://plot.ly"
       },
       "data": [
        {
         "coloraxis": "coloraxis",
         "hovertemplate": "Basis: %{x}<br>Basis: %{y}<br>Value: %{z}<extra></extra>",
         "name": "0",
         "type": "heatmap",
         "xaxis": "x",
         "yaxis": "y",
         "z": [
          [
           -18.8266261,
           -4.8466351,
           0.0184514,
           0.0146541,
           0.0007066,
           -1.0877186,
           -1.0877187
          ],
          [
           -4.8466351,
           -2.0474458,
           0.1248448,
           0.0991512,
           0.0047814,
           -0.8052777,
           -0.8052781
          ],
          [
           0.0184514,
           0.1248448,
           -0.2152675,
           0.017763,
           -0.0038204,
           0.3750084,
           0.0380342
          ],
          [
           0.0146541,
           0.0991512,
           0.017763,
           -0.2237727,
           0.0020551,
           -0.048687,
           0.3767233
          ],
          [
           0.0007066,
           0.0047814,
           -0.0038204,
           0.0020551,
           -0.1441797,
           0.019434,
           -0.003615
          ],
          [
           -1.0877186,
           -0.8052777,
           0.3750084,
           -0.048687,
           0.019434,
           -0.4541328,
           -0.3113938
          ],
          [
           -1.0877187,
           -0.8052781,
           0.0380342,
           0.3767233,
           -0.003615,
           -0.3113938,
           -0.4541331
          ]
         ]
        }
       ],
       "frames": [
        {
         "data": [
          {
           "coloraxis": "coloraxis",
           "name": "0",
           "type": "heatmap",
           "z": [
            [
             -18.8266261,
             -4.8466351,
             0.0184514,
             0.0146541,
             0.0007066,
             -1.0877186,
             -1.0877187
            ],
            [
             -4.8466351,
             -2.0474458,
             0.1248448,
             0.0991512,
             0.0047814,
             -0.8052777,
             -0.8052781
            ],
            [
             0.0184514,
             0.1248448,
             -0.2152675,
             0.017763,
             -0.0038204,
             0.3750084,
             0.0380342
            ],
            [
             0.0146541,
             0.0991512,
             0.017763,
             -0.2237727,
             0.0020551,
             -0.048687,
             0.3767233
            ],
            [
             0.0007066,
             0.0047814,
             -0.0038204,
             0.0020551,
             -0.1441797,
             0.019434,
             -0.003615
            ],
            [
             -1.0877186,
             -0.8052777,
             0.3750084,
             -0.048687,
             0.019434,
             -0.4541328,
             -0.3113938
            ],
            [
             -1.0877187,
             -0.8052781,
             0.0380342,
             0.3767233,
             -0.003615,
             -0.3113938,
             -0.4541331
            ]
           ]
          }
         ],
         "layout": {
          "coloraxis": {
           "cmax": 1,
           "cmin": -1,
           "colorbar": {
            "title": {
             "text": "Value"
            }
           },
           "colorscale": [
            [
             0,
             "#0d0887"
            ],
            [
             0.1111111111111111,
             "#46039f"
            ],
            [
             0.2222222222222222,
             "#7201a8"
            ],
            [
             0.3333333333333333,
             "#9c179e"
            ],
            [
             0.4444444444444444,
             "#bd3786"
            ],
            [
             0.5555555555555556,
             "#d8576b"
            ],
            [
             0.6666666666666666,
             "#ed7953"
            ],
            [
             0.7777777777777778,
             "#fb9f3a"
            ],
            [
             0.8888888888888888,
             "#fdca26"
            ],
            [
             1,
             "#f0f921"
            ]
           ]
          },
          "margin": {
           "t": 60
          },
          "xaxis": {
           "constrain": "domain",
           "scaleanchor": "y"
          },
          "yaxis": {
           "autorange": "reversed",
           "constrain": "domain"
          }
         },
         "name": "0"
        },
        {
         "data": [
          {
           "coloraxis": "coloraxis",
           "name": "1",
           "type": "heatmap",
           "z": [
            [
             -18.82663,
             -4.8466359,
             0.0233036,
             -0.0005909,
             0.0035038,
             -1.0877184,
             -1.0877183
            ],
            [
             -4.8466359,
             -2.047445,
             0.1576743,
             -0.0039981,
             0.0237063,
             -0.8052767,
             -0.8052766
            ],
            [
             0.0233036,
             0.1576743,
             -0.2018874,
             -0.0051426,
             0.0029907,
             0.2223891,
             0.2992726
            ],
            [
             -0.0005909,
             -0.0039981,
             -0.0051426,
             -0.1668774,
             0.0400143,
             -0.1406151,
             0.1273876
            ],
            [
             0.0035038,
             0.0237063,
             0.0029907,
             0.0400143,
             -0.2144514,
             0.2723005,
             -0.1938687
            ],
            [
             -1.0877184,
             -0.8052767,
             0.2223891,
             -0.1406151,
             0.2723005,
             -0.4541328,
             -0.3113937
            ],
            [
             -1.0877183,
             -0.8052766,
             0.2992726,
             0.1273876,
             -0.1938687,
             -0.3113937,
             -0.4541326
            ]
           ]
          }
         ],
         "layout": {
          "coloraxis": {
           "cmax": 1,
           "cmin": -1,
           "colorbar": {
            "title": {
             "text": "Value"
            }
           },
           "colorscale": [
            [
             0,
             "#0d0887"
            ],
            [
             0.1111111111111111,
             "#46039f"
            ],
            [
             0.2222222222222222,
             "#7201a8"
            ],
            [
             0.3333333333333333,
             "#9c179e"
            ],
            [
             0.4444444444444444,
             "#bd3786"
            ],
            [
             0.5555555555555556,
             "#d8576b"
            ],
            [
             0.6666666666666666,
             "#ed7953"
            ],
            [
             0.7777777777777778,
             "#fb9f3a"
            ],
            [
             0.8888888888888888,
             "#fdca26"
            ],
            [
             1,
             "#f0f921"
            ]
           ]
          },
          "margin": {
           "t": 60
          },
          "xaxis": {
           "constrain": "domain",
           "scaleanchor": "y"
          },
          "yaxis": {
           "autorange": "reversed",
           "constrain": "domain"
          }
         },
         "name": "1"
        },
        {
         "data": [
          {
           "coloraxis": "coloraxis",
           "name": "2",
           "type": "heatmap",
           "z": [
            [
             -18.8266297,
             -4.8466358,
             0.0222249,
             -0.0007072,
             -0.0078254,
             -1.0877183,
             -1.0877184
            ],
            [
             -4.8466358,
             -2.0474449,
             0.1503758,
             -0.0047844,
             -0.052947,
             -0.8052765,
             -0.8052767
            ],
            [
             0.0222249,
             0.1503758,
             -0.1992586,
             -0.014847,
             0.0071604,
             0.1905126,
             0.3070019
            ],
            [
             -0.0007072,
             -0.0047844,
             -0.014847,
             -0.2067508,
             -0.041675,
             -0.2298116,
             0.2139821
            ],
            [
             -0.0078254,
             -0.052947,
             0.0071604,
             -0.041675,
             -0.1772063,
             -0.2329555,
             0.057781
            ],
            [
             -1.0877183,
             -0.8052765,
             0.1905126,
             -0.2298116,
             -0.2329555,
             -0.4541328,
             -0.3113937
            ],
            [
             -1.0877184,
             -0.8052767,
             0.3070019,
             0.2139821,
             0.057781,
             -0.3113937,
             -0.4541327
            ]
           ]
          }
         ],
         "layout": {
          "coloraxis": {
           "cmax": 1,
           "cmin": -1,
           "colorbar": {
            "title": {
             "text": "Value"
            }
           },
           "colorscale": [
            [
             0,
             "#0d0887"
            ],
            [
             0.1111111111111111,
             "#46039f"
            ],
            [
             0.2222222222222222,
             "#7201a8"
            ],
            [
             0.3333333333333333,
             "#9c179e"
            ],
            [
             0.4444444444444444,
             "#bd3786"
            ],
            [
             0.5555555555555556,
             "#d8576b"
            ],
            [
             0.6666666666666666,
             "#ed7953"
            ],
            [
             0.7777777777777778,
             "#fb9f3a"
            ],
            [
             0.8888888888888888,
             "#fdca26"
            ],
            [
             1,
             "#f0f921"
            ]
           ]
          },
          "margin": {
           "t": 60
          },
          "xaxis": {
           "constrain": "domain",
           "scaleanchor": "y"
          },
          "yaxis": {
           "autorange": "reversed",
           "constrain": "domain"
          }
         },
         "name": "2"
        },
        {
         "data": [
          {
           "coloraxis": "coloraxis",
           "name": "3",
           "type": "heatmap",
           "z": [
            [
             -18.8266275,
             -4.8466354,
             -0.0207236,
             -0.010398,
             0.0042546,
             -1.0877185,
             -1.0877185
            ],
            [
             -4.8466354,
             -2.0474454,
             -0.1402189,
             -0.070353,
             0.0287883,
             -0.8052773,
             -0.8052773
            ],
            [
             -0.0207236,
             -0.1402189,
             -0.2096303,
             0.0142073,
             -0.0058214,
             -0.1025147,
             -0.3613936
            ],
            [
             -0.010398,
             -0.070353,
             0.0142073,
             -0.2173305,
             0.0300401,
             -0.3373438,
             0.1045831
            ],
            [
             0.0042546,
             0.0287883,
             -0.0058214,
             0.0300401,
             -0.1562572,
             0.1380886,
             -0.0428434
            ],
            [
             -1.0877185,
             -0.8052773,
             -0.1025147,
             -0.3373438,
             0.1380886,
             -0.454133,
             -0.3113937
            ],
            [
             -1.0877185,
             -0.8052773,
             -0.3613936,
             0.1045831,
             -0.0428434,
             -0.3113937,
             -0.4541327
            ]
           ]
          }
         ],
         "layout": {
          "coloraxis": {
           "cmax": 1,
           "cmin": -1,
           "colorbar": {
            "title": {
             "text": "Value"
            }
           },
           "colorscale": [
            [
             0,
             "#0d0887"
            ],
            [
             0.1111111111111111,
             "#46039f"
            ],
            [
             0.2222222222222222,
             "#7201a8"
            ],
            [
             0.3333333333333333,
             "#9c179e"
            ],
            [
             0.4444444444444444,
             "#bd3786"
            ],
            [
             0.5555555555555556,
             "#d8576b"
            ],
            [
             0.6666666666666666,
             "#ed7953"
            ],
            [
             0.7777777777777778,
             "#fb9f3a"
            ],
            [
             0.8888888888888888,
             "#fdca26"
            ],
            [
             1,
             "#f0f921"
            ]
           ]
          },
          "margin": {
           "t": 60
          },
          "xaxis": {
           "constrain": "domain",
           "scaleanchor": "y"
          },
          "yaxis": {
           "autorange": "reversed",
           "constrain": "domain"
          }
         },
         "name": "3"
        },
        {
         "data": [
          {
           "coloraxis": "coloraxis",
           "name": "4",
           "type": "heatmap",
           "z": [
            [
             -18.8266301,
             -4.8466359,
             -0.0009851,
             0.0228775,
             0.0055971,
             -1.0877184,
             -1.0877183
            ],
            [
             -4.8466359,
             -2.0474449,
             -0.0066657,
             0.1547918,
             0.03787,
             -0.8052766,
             -0.8052764
            ],
            [
             -0.0009851,
             -0.0066657,
             -0.2085906,
             0.0100459,
             -0.0423438,
             -0.2360694,
             0.2140162
            ],
            [
             0.0228775,
             0.1547918,
             0.0100459,
             -0.1988977,
             -0.0080817,
             0.2829832,
             0.2291423
            ],
            [
             0.0055971,
             0.03787,
             -0.0423438,
             -0.0080817,
             -0.1757274,
             -0.0869982,
             0.2122908
            ],
            [
             -1.0877184,
             -0.8052766,
             -0.2360694,
             0.2829832,
             -0.0869982,
             -0.4541327,
             -0.3113937
            ],
            [
             -1.0877183,
             -0.8052764,
             0.2140162,
             0.2291423,
             0.2122908,
             -0.3113937,
             -0.4541327
            ]
           ]
          }
         ],
         "layout": {
          "coloraxis": {
           "cmax": 1,
           "cmin": -1,
           "colorbar": {
            "title": {
             "text": "Value"
            }
           },
           "colorscale": [
            [
             0,
             "#0d0887"
            ],
            [
             0.1111111111111111,
             "#46039f"
            ],
            [
             0.2222222222222222,
             "#7201a8"
            ],
            [
             0.3333333333333333,
             "#9c179e"
            ],
            [
             0.4444444444444444,
             "#bd3786"
            ],
            [
             0.5555555555555556,
             "#d8576b"
            ],
            [
             0.6666666666666666,
             "#ed7953"
            ],
            [
             0.7777777777777778,
             "#fb9f3a"
            ],
            [
             0.8888888888888888,
             "#fdca26"
            ],
            [
             1,
             "#f0f921"
            ]
           ]
          },
          "margin": {
           "t": 60
          },
          "xaxis": {
           "constrain": "domain",
           "scaleanchor": "y"
          },
          "yaxis": {
           "autorange": "reversed",
           "constrain": "domain"
          }
         },
         "name": "4"
        },
        {
         "data": [
          {
           "coloraxis": "coloraxis",
           "name": "5",
           "type": "heatmap",
           "z": [
            [
             -18.8266263,
             -4.8466351,
             0.0010057,
             -0.017669,
             -0.015572,
             -1.0877187,
             -1.0877186
            ],
            [
             -4.8466351,
             -2.0474457,
             0.006805,
             -0.1195508,
             -0.1053624,
             -0.8052779,
             -0.8052776
            ],
            [
             0.0010057,
             0.006805,
             -0.1505426,
             0.0173707,
             -0.0164311,
             -0.0600464,
             0.0825606
            ],
            [
             -0.017669,
             -0.1195508,
             0.0173707,
             -0.2134285,
             0.0148765,
             -0.0267847,
             -0.3687432
            ],
            [
             -0.015572,
             -0.1053624,
             -0.0164311,
             0.0148765,
             -0.2192481,
             -0.3729031,
             0.0243171
            ],
            [
             -1.0877187,
             -0.8052779,
             -0.0600464,
             -0.0267847,
             -0.3729031,
             -0.454133,
             -0.3113938
            ],
            [
             -1.0877186,
             -0.8052776,
             0.0825606,
             -0.3687432,
             0.0243171,
             -0.3113938,
             -0.4541328
            ]
           ]
          }
         ],
         "layout": {
          "coloraxis": {
           "cmax": 1,
           "cmin": -1,
           "colorbar": {
            "title": {
             "text": "Value"
            }
           },
           "colorscale": [
            [
             0,
             "#0d0887"
            ],
            [
             0.1111111111111111,
             "#46039f"
            ],
            [
             0.2222222222222222,
             "#7201a8"
            ],
            [
             0.3333333333333333,
             "#9c179e"
            ],
            [
             0.4444444444444444,
             "#bd3786"
            ],
            [
             0.5555555555555556,
             "#d8576b"
            ],
            [
             0.6666666666666666,
             "#ed7953"
            ],
            [
             0.7777777777777778,
             "#fb9f3a"
            ],
            [
             0.8888888888888888,
             "#fdca26"
            ],
            [
             1,
             "#f0f921"
            ]
           ]
          },
          "margin": {
           "t": 60
          },
          "xaxis": {
           "constrain": "domain",
           "scaleanchor": "y"
          },
          "yaxis": {
           "autorange": "reversed",
           "constrain": "domain"
          }
         },
         "name": "5"
        },
        {
         "data": [
          {
           "coloraxis": "coloraxis",
           "name": "6",
           "type": "heatmap",
           "z": [
            [
             -18.8266289,
             -4.8466356,
             0.0167304,
             -0.0043808,
             -0.0160181,
             -1.0877184,
             -1.0877184
            ],
            [
             -4.8466356,
             -2.0474449,
             0.1131995,
             -0.0296404,
             -0.1083821,
             -0.8052767,
             -0.8052769
            ],
            [
             0.0167304,
             0.1131995,
             -0.1907549,
             -0.0282587,
             0.0187504,
             0.3058127,
             0.0687047
            ],
            [
             -0.0043808,
             -0.0296404,
             -0.0282587,
             -0.2175881,
             -0.0250623,
             0.1880959,
             -0.2861602
            ],
            [
             -0.0160181,
             -0.1083821,
             0.0187504,
             -0.0250623,
             -0.1748731,
             -0.1203153,
             -0.2382637
            ],
            [
             -1.0877184,
             -0.8052767,
             0.3058127,
             0.1880959,
             -0.1203153,
             -0.4541326,
             -0.3113937
            ],
            [
             -1.0877184,
             -0.8052769,
             0.0687047,
             -0.2861602,
             -0.2382637,
             -0.3113937,
             -0.4541328
            ]
           ]
          }
         ],
         "layout": {
          "coloraxis": {
           "cmax": 1,
           "cmin": -1,
           "colorbar": {
            "title": {
             "text": "Value"
            }
           },
           "colorscale": [
            [
             0,
             "#0d0887"
            ],
            [
             0.1111111111111111,
             "#46039f"
            ],
            [
             0.2222222222222222,
             "#7201a8"
            ],
            [
             0.3333333333333333,
             "#9c179e"
            ],
            [
             0.4444444444444444,
             "#bd3786"
            ],
            [
             0.5555555555555556,
             "#d8576b"
            ],
            [
             0.6666666666666666,
             "#ed7953"
            ],
            [
             0.7777777777777778,
             "#fb9f3a"
            ],
            [
             0.8888888888888888,
             "#fdca26"
            ],
            [
             1,
             "#f0f921"
            ]
           ]
          },
          "margin": {
           "t": 60
          },
          "xaxis": {
           "constrain": "domain",
           "scaleanchor": "y"
          },
          "yaxis": {
           "autorange": "reversed",
           "constrain": "domain"
          }
         },
         "name": "6"
        },
        {
         "data": [
          {
           "coloraxis": "coloraxis",
           "name": "7",
           "type": "heatmap",
           "z": [
            [
             -18.8266297,
             -4.8466359,
             -0.0019808,
             0.0234871,
             0.0003322,
             -1.0877184,
             -1.0877184
            ],
            [
             -4.8466359,
             -2.0474456,
             -0.0134021,
             0.1589175,
             0.0022478,
             -0.8052769,
             -0.8052771
            ],
            [
             -0.0019808,
             -0.0134021,
             -0.237599,
             -0.0031006,
             0.0028678,
             0.2483314,
             -0.2926717
            ],
            [
             0.0234871,
             0.1589175,
             -0.0031006,
             -0.201563,
             -0.0005681,
             0.2858136,
             0.2399603
            ],
            [
             0.0003322,
             0.0022478,
             0.0028678,
             -0.0005681,
             -0.1440562,
             -0.004404,
             0.0118408
            ],
            [
             -1.0877184,
             -0.8052769,
             0.2483314,
             0.2858136,
             -0.004404,
             -0.4541326,
             -0.3113938
            ],
            [
             -1.0877184,
             -0.8052771,
             -0.2926717,
             0.2399603,
             0.0118408,
             -0.3113938,
             -0.4541328
            ]
           ]
          }
         ],
         "layout": {
          "coloraxis": {
           "cmax": 1,
           "cmin": -1,
           "colorbar": {
            "title": {
             "text": "Value"
            }
           },
           "colorscale": [
            [
             0,
             "#0d0887"
            ],
            [
             0.1111111111111111,
             "#46039f"
            ],
            [
             0.2222222222222222,
             "#7201a8"
            ],
            [
             0.3333333333333333,
             "#9c179e"
            ],
            [
             0.4444444444444444,
             "#bd3786"
            ],
            [
             0.5555555555555556,
             "#d8576b"
            ],
            [
             0.6666666666666666,
             "#ed7953"
            ],
            [
             0.7777777777777778,
             "#fb9f3a"
            ],
            [
             0.8888888888888888,
             "#fdca26"
            ],
            [
             1,
             "#f0f921"
            ]
           ]
          },
          "margin": {
           "t": 60
          },
          "xaxis": {
           "constrain": "domain",
           "scaleanchor": "y"
          },
          "yaxis": {
           "autorange": "reversed",
           "constrain": "domain"
          }
         },
         "name": "7"
        },
        {
         "data": [
          {
           "coloraxis": "coloraxis",
           "name": "8",
           "type": "heatmap",
           "z": [
            [
             -18.8266276,
             -4.8466354,
             -0.0095522,
             0.0214432,
             -0.0021523,
             -1.0877186,
             -1.0877185
            ],
            [
             -4.8466354,
             -2.0474457,
             -0.0646308,
             0.145088,
             -0.0145639,
             -0.8052779,
             -0.8052772
            ],
            [
             -0.0095522,
             -0.0646308,
             -0.2317481,
             -0.0138421,
             -0.0028237,
             -0.354916,
             0.1410883
            ],
            [
             0.0214432,
             0.145088,
             -0.0138421,
             -0.2070268,
             0.0044509,
             0.1293132,
             0.3507046
            ],
            [
             -0.0021523,
             -0.0145639,
             -0.0028237,
             0.0044509,
             -0.1444442,
             -0.0263116,
             -0.0218723
            ],
            [
             -1.0877186,
             -0.8052779,
             -0.354916,
             0.1293132,
             -0.0263116,
             -0.4541331,
             -0.3113938
            ],
            [
             -1.0877185,
             -0.8052772,
             0.1410883,
             0.3507046,
             -0.0218723,
             -0.3113938,
             -0.4541325
            ]
           ]
          }
         ],
         "layout": {
          "coloraxis": {
           "cmax": 1,
           "cmin": -1,
           "colorbar": {
            "title": {
             "text": "Value"
            }
           },
           "colorscale": [
            [
             0,
             "#0d0887"
            ],
            [
             0.1111111111111111,
             "#46039f"
            ],
            [
             0.2222222222222222,
             "#7201a8"
            ],
            [
             0.3333333333333333,
             "#9c179e"
            ],
            [
             0.4444444444444444,
             "#bd3786"
            ],
            [
             0.5555555555555556,
             "#d8576b"
            ],
            [
             0.6666666666666666,
             "#ed7953"
            ],
            [
             0.7777777777777778,
             "#fb9f3a"
            ],
            [
             0.8888888888888888,
             "#fdca26"
            ],
            [
             1,
             "#f0f921"
            ]
           ]
          },
          "margin": {
           "t": 60
          },
          "xaxis": {
           "constrain": "domain",
           "scaleanchor": "y"
          },
          "yaxis": {
           "autorange": "reversed",
           "constrain": "domain"
          }
         },
         "name": "8"
        },
        {
         "data": [
          {
           "coloraxis": "coloraxis",
           "name": "9",
           "type": "heatmap",
           "z": [
            [
             -18.826627,
             -4.8466353,
             0.0154645,
             -0.0141389,
             0.0107995,
             -1.0877184,
             -1.0877187
            ],
            [
             -4.8466353,
             -2.0474452,
             0.1046336,
             -0.0956662,
             0.0730722,
             -0.8052767,
             -0.805278
            ],
            [
             0.0154645,
             0.1046336,
             -0.193469,
             -0.0160616,
             -0.0322495,
             0.3126847,
             0.0334922
            ],
            [
             -0.0141389,
             -0.0956662,
             -0.0160616,
             -0.2246768,
             -0.0075931,
             0.0588974,
             -0.3754029
            ],
            [
             0.0107995,
             0.0730722,
             -0.0322495,
             -0.0075931,
             -0.165072,
             0.205272,
             0.036485
            ],
            [
             -1.0877184,
             -0.8052767,
             0.3126847,
             0.0588974,
             0.205272,
             -0.4541325,
             -0.3113937
            ],
            [
             -1.0877187,
             -0.805278,
             0.0334922,
             -0.3754029,
             0.036485,
             -0.3113937,
             -0.4541332
            ]
           ]
          }
         ],
         "layout": {
          "coloraxis": {
           "cmax": 1,
           "cmin": -1,
           "colorbar": {
            "title": {
             "text": "Value"
            }
           },
           "colorscale": [
            [
             0,
             "#0d0887"
            ],
            [
             0.1111111111111111,
             "#46039f"
            ],
            [
             0.2222222222222222,
             "#7201a8"
            ],
            [
             0.3333333333333333,
             "#9c179e"
            ],
            [
             0.4444444444444444,
             "#bd3786"
            ],
            [
             0.5555555555555556,
             "#d8576b"
            ],
            [
             0.6666666666666666,
             "#ed7953"
            ],
            [
             0.7777777777777778,
             "#fb9f3a"
            ],
            [
             0.8888888888888888,
             "#fdca26"
            ],
            [
             1,
             "#f0f921"
            ]
           ]
          },
          "margin": {
           "t": 60
          },
          "xaxis": {
           "constrain": "domain",
           "scaleanchor": "y"
          },
          "yaxis": {
           "autorange": "reversed",
           "constrain": "domain"
          }
         },
         "name": "9"
        }
       ],
       "layout": {
        "coloraxis": {
         "cmax": 1,
         "cmin": -1,
         "colorbar": {
          "title": {
           "text": "Value"
          }
         },
         "colorscale": [
          [
           0,
           "#0d0887"
          ],
          [
           0.1111111111111111,
           "#46039f"
          ],
          [
           0.2222222222222222,
           "#7201a8"
          ],
          [
           0.3333333333333333,
           "#9c179e"
          ],
          [
           0.4444444444444444,
           "#bd3786"
          ],
          [
           0.5555555555555556,
           "#d8576b"
          ],
          [
           0.6666666666666666,
           "#ed7953"
          ],
          [
           0.7777777777777778,
           "#fb9f3a"
          ],
          [
           0.8888888888888888,
           "#fdca26"
          ],
          [
           1,
           "#f0f921"
          ]
         ]
        },
        "margin": {
         "t": 60
        },
        "shapes": [
         {
          "line": {
           "color": "black",
           "width": 2
          },
          "type": "line",
          "x0": -0.5,
          "x1": 6.5,
          "y0": 4.5,
          "y1": 4.5
         },
         {
          "line": {
           "color": "black",
           "width": 2
          },
          "type": "line",
          "x0": -0.5,
          "x1": 6.5,
          "y0": 5.5,
          "y1": 5.5
         },
         {
          "line": {
           "color": "black",
           "width": 2
          },
          "type": "line",
          "x0": -0.5,
          "x1": -0.5,
          "y0": -0.5,
          "y1": 6.5
         },
         {
          "line": {
           "color": "black",
           "width": 2
          },
          "type": "line",
          "x0": 4.5,
          "x1": 4.5,
          "y0": -0.5,
          "y1": 6.5
         }
        ],
        "sliders": [
         {
          "active": 0,
          "currentvalue": {
           "prefix": "animation_frame="
          },
          "len": 0.9,
          "pad": {
           "b": 10,
           "t": 60
          },
          "steps": [
           {
            "args": [
             [
              "0"
             ],
             {
              "frame": {
               "duration": 0,
               "redraw": true
              },
              "fromcurrent": true,
              "mode": "immediate",
              "transition": {
               "duration": 0,
               "easing": "linear"
              }
             }
            ],
            "label": "0",
            "method": "animate"
           },
           {
            "args": [
             [
              "1"
             ],
             {
              "frame": {
               "duration": 0,
               "redraw": true
              },
              "fromcurrent": true,
              "mode": "immediate",
              "transition": {
               "duration": 0,
               "easing": "linear"
              }
             }
            ],
            "label": "1",
            "method": "animate"
           },
           {
            "args": [
             [
              "2"
             ],
             {
              "frame": {
               "duration": 0,
               "redraw": true
              },
              "fromcurrent": true,
              "mode": "immediate",
              "transition": {
               "duration": 0,
               "easing": "linear"
              }
             }
            ],
            "label": "2",
            "method": "animate"
           },
           {
            "args": [
             [
              "3"
             ],
             {
              "frame": {
               "duration": 0,
               "redraw": true
              },
              "fromcurrent": true,
              "mode": "immediate",
              "transition": {
               "duration": 0,
               "easing": "linear"
              }
             }
            ],
            "label": "3",
            "method": "animate"
           },
           {
            "args": [
             [
              "4"
             ],
             {
              "frame": {
               "duration": 0,
               "redraw": true
              },
              "fromcurrent": true,
              "mode": "immediate",
              "transition": {
               "duration": 0,
               "easing": "linear"
              }
             }
            ],
            "label": "4",
            "method": "animate"
           },
