{
 "cells": [
  {
   "cell_type": "code",
   "execution_count": null,
   "metadata": {},
   "outputs": [],
   "source": [
    "import numpy as np\n",
    "import plotly.express as px\n",
    "from instance_mongodb import instance_mongodb_sei"
   ]
  },
  {
   "cell_type": "code",
   "execution_count": 10,
   "metadata": {},
   "outputs": [
    {
     "data": {
      "application/vnd.plotly.v1+json": {
       "config": {
        "plotlyServerURL": "https://plot.ly"
       },
       "data": [
        {
         "coloraxis": "coloraxis",
         "hovertemplate": "Basis: %{x}<br>Basis: %{y}<br>Value: %{z}<extra></extra>",
         "name": "0",
         "type": "heatmap",
         "xaxis": "x",
         "yaxis": "y",
         "z": [
          [
           -7.2876957,
           -20.9178018,
           -8.374484,
           -4.4443636,
           -2.2778747,
           -1.1112472,
           0.003772,
           0.0060852,
           -0.0045069,
           0.0012845,
           0.0020729,
           -0.0015349,
           0.0006648,
           0.0010729,
           -0.0007945,
           0.0002826,
           0.000456,
           -0.0003377,
           0.0001782,
           -0.0001977,
           0.0000759,
           0.0005132,
           0.0002989,
           0.0002649,
           -0.0002942,
           0.0001078,
           0.0007476,
           0.0004247,
           0.0000708,
           -0.0000761,
           0.0000448,
           0.0003054,
           0.0001755,
           -0.0002204,
           -0.0002211,
           -0.0001211,
           0.0001407,
           0.0002674,
           -0.0000874,
           -0.0000742,
           -0.1815411,
           -1.1764347,
           -1.0480895,
           -0.4247193,
           -0.2176437,
           -0.0890088,
           -2.1384835,
           -1.0967622,
           -0.4469696,
           -1.0028331,
           -0.5141919,
           -0.2097703,
           -1.3807099,
           -0.2884351,
           0.913677,
           -0.5621544,
           -0.9916267,
           -0.1815407,
           -1.1764347,
           -1.0480895,
           0.1586215,
           -0.2118381,
           0.4069893,
           0.7974984,
           -1.0675476,
           2.0494193,
           0.3741456,
           -0.5004903,
           0.9610389,
           0.5010529,
           1.2879948,
           -1.1256093,
           -0.9615898,
           0.1485344
          ],
          [
           -20.9178018,
           -13.8929258,
           -7.7163591,
           -4.5927077,
           -2.4910159,
           -1.2481153,
           0.0107176,
           0.0172954,
           -0.012807,
           0.0025346,
           0.0040905,
           -0.0030288,
           0.0007309,
           0.0011796,
           -0.0008734,
           0.0001415,
           0.0002283,
           -0.0001691,
           -0.0011115,
           0.0012614,
           -0.0002764,
           -0.0019936,
           -0.0010983,
           -0.0003803,
           0.0004294,
           -0.0001087,
           -0.0007729,
           -0.0004308,
           -0.0000877,
           0.0000979,
           -0.0000322,
           -0.000225,
           -0.000127,
           0.0008307,
           0.0008371,
           0.0004554,
           -0.0005369,
           -0.0010151,
           0.0003312,
           0.0002835,
           -0.2777957,
           -1.3122415,
           -1.1744345,
           -0.6150364,
           -0.3155896,
           -0.1283545,
           -2.2678633,
           -1.1633565,
           -0.4737061,
           -1.1074374,
           -0.5680694,
           -0.2313416,
           -1.4717455,
           -0.3074619,
           0.9739135,
           -0.5992858,
           -1.0570537,
           -0.2777954,
           -1.3122415,
           -1.1744345,
           0.2291725,
           -0.3071886,
           0.5894534,
           0.8454488,
           -1.1323774,
           2.1734621,
           0.4128696,
           -0.5529416,
           1.0613359,
           0.5340965,
           1.3729148,
           -1.1998424,
           -1.0250597,
           0.1582899
          ],
          [
           -8.374484,
           -7.7163591,
           -4.2296317,
           -3.0014341,
           -1.9453524,
           -1.0885941,
           0.0298478,
           0.048173,
           -0.0356674,
           0.0313579,
           0.0506117,
           -0.0374719,
           0.0146752,
           0.0236858,
           -0.0175366,
           0.0038199,
           0.0061654,
           -0.0045648,
           -0.0151531,
           0.0171869,
           -0.0038515,
           -0.0275748,
           -0.0153028,
           -0.0186003,
           0.0210967,
           -0.004727,
           -0.0338451,
           -0.0187833,
           -0.0045074,
           0.0051028,
           -0.0012072,
           -0.0086078,
           -0.004791,
           0.0239416,
           0.0227727,
           0.0134303,
           -0.0145905,
           -0.0289014,
           0.0101225,
           0.0072211,
           -0.4500846,
           -1.1088367,
           -1.0193997,
           -0.5514757,
           -0.2822631,
           -0.1159905,
           -1.5416633,
           -0.7845309,
           -0.330055,
           -0.8916745,
           -0.4519617,
           -0.1931929,
           -0.7659235,
           -0.1612823,
           0.5061417,
           -0.3201415,
           -0.555401,
           -0.450084,
           -1.1088366,
           -1.0193997,
           0.2063685,
           -0.274722,
           0.5283844,
           0.5825828,
           -0.7633936,
           1.4761362,
           0.3392004,
           -0.4397138,
           0.853388,
           0.2790201,
           0.7141105,
           -0.6262841,
           -0.5419487,
           0.0777369
          ],
          [
           -4.4443636,
           -4.5927077,
           -3.0014341,
           -2.1154301,
           -1.4477539,
           -0.88543,
           0.0319315,
           0.0515368,
           -0.0381574,
           0.0639651,
           0.1032391,
           -0.0764371,
           0.0427568,
           0.0690087,
           -0.0510937,
           0.0138532,
           0.0223588,
           -0.0165543,
           -0.0177915,
           0.0201867,
           -0.0044741,
           -0.0320605,
           -0.0177822,
           -0.0443536,
           0.0503506,
           -0.0109957,
           -0.0788763,
           -0.0437144,
           -0.0160701,
           0.0182374,
           -0.0040196,
           -0.0288118,
           -0.0159764,
           0.047339,
           0.0447458,
           0.0266198,
           -0.0286703,
           -0.0570789,
           0.0201391,
           0.0140821,
           -0.4432464,
           -0.8903362,
           -0.834821,
           -0.3440697,
           -0.1739858,
           -0.0750712,
           -1.0408661,
           -0.5171916,
           -0.2387661,
           -0.660396,
           -0.3199382,
           -0.1619492,
           -0.5431867,
           -0.1144909,
           0.3575852,
           -0.2357381,
           -0.3989692,
           -0.4432463,
           -0.8903362,
           -0.834821,
           0.1313988,
           -0.1692544,
           0.3292072,
           0.4089098,
           -0.5027656,
           0.9939408,
           0.2696685,
           -0.3106836,
           0.6288604,
           0.1977842,
           0.5062512,
           -0.4454217,
           -0.3930219,
           0.049991
          ],
          [
           -2.2778747,
           -2.4910159,
           -1.9453524,
           -1.4477539,
           -0.9912713,
           -0.6355571,
           0.0246515,
           0.0397871,
           -0.0294579,
           0.0689834,
           0.1113378,
           -0.0824339,
           0.060268,
           0.0972707,
           -0.0720191,
           0.023821,
           0.0384462,
           -0.0284655,
           -0.0134687,
           0.0152868,
           -0.0033556,
           -0.0240638,
           -0.0133398,
           -0.049728,
           0.056467,
           -0.012231,
           -0.08779,
           -0.048633,
           -0.0255393,
           0.0289942,
           -0.0063211,
           -0.0453464,
           -0.0251301,
           0.0461763,
           0.0435754,
           0.0259825,
           -0.0279217,
           -0.0556606,
           0.0196757,
           0.0136875,
           -0.3999481,
           -0.6560488,
           -0.6100257,
           -0.2632634,
           -0.1317239,
           -0.0592275,
           -0.6970809,
           -0.3360466,
           -0.1730677,
           -0.4279266,
           -0.1893549,
           -0.1278418,
           -0.3898278,
           -0.0813832,
           0.2556813,
           -0.1725171,
           -0.2879522,
           -0.399948,
           -0.6560488,
           -0.6100256,
           0.102287,
           -0.1280864,
           0.2515905,
           0.2867237,
           -0.3262572,
           0.6634359,
           0.1971355,
           -0.1831351,
           0.4036325,
           0.1410895,
           0.3633884,
           -0.3196842,
           -0.2852134,
           0.0337341
          ],
          [
           -1.1112472,
           -1.2481153,
           -1.0885941,
           -0.88543,
           -0.6355571,
           -0.4034182,
           0.0150728,
           0.0243272,
           -0.0180117,
           0.0486385,
           0.0785012,
           -0.0581221,
           0.0513936,
           0.0829474,
           -0.0614142,
           0.0258354,
           0.0416971,
           -0.0308725,
           -0.0078975,
           0.0089663,
           -0.0019496,
           -0.0139919,
           -0.0077524,
           -0.0350965,
           0.0398586,
           -0.0085947,
           -0.0617109,
           -0.0341775,
           -0.0233932,
           0.0265594,
           -0.0057854,
           -0.0415096,
           -0.0230035,
           0.0302015,
           0.028483,
           0.0169978,
           -0.0182513,
           -0.0364006,
           0.0128764,
           0.0089405,
           -0.2990544,
           -0.4434153,
           -0.3981377,
           -0.1584242,
           -0.0786422,
           -0.0364391,
           -0.4250356,
           -0.2008215,
           -0.110726,
           -0.2638153,
           -0.1056629,
           -0.0929362,
           -0.2130424,
           -0.0440613,
           0.1392772,
           -0.095759,
           -0.1580603,
           -0.2990544,
           -0.4434153,
           -0.3981375,
           0.0623334,
           -0.0764454,
           0.1512653,
           0.1799112,
           -0.194802,
           0.4036446,
           0.1353425,
           -0.1016896,
           0.246459,
           0.0766604,
           0.1986349,
           -0.1746791,
           -0.1572534,
           0.0174723
          ],
          [
           0.003772,
           0.0107176,
           0.0298478,
           0.0319315,
           0.0246515,
           0.0150728,
           0.2568772,
           -0.0044948,
           -0.0080877,
           -0.632413,
           -0.0093959,
           -0.0164463,
           -0.4428014,
           -0.0048336,
           -0.0080276,
           -0.143906,
           -0.0012092,
           -0.0017415,
           0.0557473,
           0.0094693,
           -0.0291627,
           -0.0249817,
           0.0358233,
           0.0541334,
           0.0146919,
           -0.0338514,
           -0.0142956,
           0.0353702,
           0.0150718,
           0.0047553,
           -0.0100225,
           -0.0026545,
           0.0100768,
           -0.0294085,
           0.0069268,
           0.0153231,
           0.016352,
           0.0075292,
           -0.0186535,
           -0.0120614,
           0.3565948,
           0.312739,
           0.1268976,
           0.2103641,
           0.190633,
           0.0816931,
           0.0727131,
           0.1870505,
           0.0802365,
           -0.1086403,
           0.04661,
           0.0185824,
           0.0333326,
           0.0329468,
           0.0313894,
           0.0199082,
           -0.1099427,
           -0.1315055,
           -0.1029967,
           -0.0295259,
           -0.111588,
           -0.0664938,
           0.1317204,
           -0.2540437,
           -0.0584925,
           0.1113433,
           -0.1962637,
           -0.0104622,
           0.0157385,
           -0.0894343,
           0.0431368,
           -0.0879905,
           0.1753628,
           0.088026
          ],
          [
           0.0060852,
           0.0172954,
           0.048173,
           0.0515368,
           0.0397871,
           0.0243272,
           -0.0044948,
           0.2658268,
           0.0051002,
           -0.0093959,
           -0.6142049,
           0.0106722,
           -0.0048334,
           -0.4339435,
           0.0055004,
           -0.0012092,
           -0.142004,
           0.0013824,
           0.028164,
           -0.0330314,
           -0.0204181,
           0.0096283,
           -0.0319501,
           0.0236884,
           -0.0273193,
           -0.0125891,
           0.0150646,
           -0.0164659,
           0.0061486,
           -0.0070217,
           -0.0026553,
           0.0052144,
           -0.002761,
           -0.0207588,
           -0.0251284,
           -0.0105793,
           -0.0011995,
           0.0151631,
           -0.0140573,
           0.0073399,
           0.1840707,
           0.1713273,
           0.0793559,
           0.1949111,
           -0.0660594,
           0.0407959,
           0.206823,
           -0.1929435,
           0.0462544,
           0.0606848,
           -0.1697372,
           0.0150009,
           -0.1400368,
           -0.0306398,
           0.0119143,
           0.0379788,
           0.1722066,
           0.1792131,
           0.1671903,
           0.0777994,
           -0.0707752,
           -0.0712297,
           -0.1818883,
           -0.0782646,
           -0.1981912,
           -0.193074,
           -0.0245367,
           -0.1711444,
           -0.0567476,
           0.0552131,
           0.1378894,
           0.1272853,
           0.0597826,
           0.1029572
          ],
          [
           -0.0045069,
           -0.012807,
           -0.0356674,
           -0.0381574,
           -0.0294579,
           -0.0180117,
           -0.0080877,
           0.0051002,
           0.259402,
           -0.0164462,
           0.0106723,
           -0.6272731,
           -0.0080276,
           0.0055005,
           -0.4402983,
           -0.0017415,
           0.0013824,
           -0.1433668,
           0.0094669,
           0.052382,
           -0.0471376,
           0.0132716,
           0.0039065,
           0.0146863,
           0.0489111,
           -0.0452496,
           -0.0000533,
           0.0062342,
           0.0047484,
           0.0133773,
           -0.0126148,
           -0.0017248,
           0.0018416,
           -0.0030296,
           0.0015753,
           0.0303247,
           -0.0071998,
           -0.0291818,
           -0.0057827,
           0.0026495,
           0.0730217,
           0.0514259,
           0.0083228,
           0.0762327,
           0.0371012,
           -0.1474943,
           0.0550257,
           0.0291919,
           -0.2863782,
           0.0006364,
           0.0028552,
           -0.2021343,
           0.0227836,
           -0.1049795,
           -0.0711065,
           -0.2099764,
           0.0174835,
           -0.3419965,
           -0.3020632,
           -0.12468,
           0.1371816,
           -0.1781965,
           0.1796224,
           0.1365543,
           -0.1760112,
           0.0456255,
           0.0336845,
           -0.0446016,
           -0.1131038,
           0.0529794,
           0.0216047,
           0.1265402,
           -0.0226816,
           0.0103822
          ],
          [
           0.0012845,
           0.0025346,
           0.0313579,
           0.0639651,
           0.0689834,
           0.0486385,
           -0.632413,
           -0.0093959,
           -0.0164462,
           -0.043268,
           -0.0371991,
           -0.0650134,
           -0.2178033,
           -0.0283835,
           -0.0491817,
           -0.1480129,
           -0.0095316,
           -0.0162217,
           0.0560552,
           0.0129292,
           -0.0328324,
           -0.0189981,
           0.0362315,
           0.157024,
           0.0499363,
           -0.1061068,
           -0.0280406,
           0.1025206,
           0.0637294,
           0.0208894,
           -0.0436403,
           -0.0101365,
           0.0417974,
           -0.0723968,
           0.0099347,
           0.0402654,
           0.0344612,
           0.0199582,
           -0.038208,
           -0.0235657,
           0.311101,
           0.2376817,
           0.1495838,
           -0.0848676,
           -0.0281244,
           -0.0033797,
           -0.09664,
           -0.0147661,
           -0.0003529,
           -0.0963539,
           0.0239251,
           -0.0003343,
           0.0086553,
           -0.0040563,
           -0.0189025,
           0.0121725,
           0.0581098,
           -0.1133521,
           -0.058632,
           -0.0034511,
           -0.0446172,
           0.0120269,
           -0.0198393,
           -0.1111379,
           0.0132346,
           -0.0485673,
           -0.1771171,
           -0.0002132,
           -0.0392518,
           0.0349492,
           -0.014653,
           0.024888,
           -0.055875,
           -0.0216275
          ],
          [
           0.0020729,
           0.0040905,
           0.0506117,
           0.1032391,
           0.1113378,
           0.0785012,
           -0.0093959,
           -0.6142049,
           0.0106723,
           -0.0371991,
           0.0287159,
           0.0422557,
           -0.0283834,
           -0.1633768,
           0.0322519,
           -0.0095315,
           -0.1300819,
           0.0108376,
           0.0260579,
           -0.0302763,
           -0.0159821,
           0.0129547,
           -0.0230817,
           0.063907,
           -0.0729886,
           -0.0262412,
           0.0501007,
           -0.0276672,
           0.0255207,
           -0.0290778,
           -0.0098362,
           0.0212503,
           -0.0095024,
           -0.048435,
           -0.0552344,
           -0.02511,
           0.0039814,
           0.040064,
           -0.0301187,
           0.0104171,
           0.1616927,
           0.145965,
           0.1186884,
           -0.0206518,
           -0.0523834,
           -0.0012651,
           0.0250077,
           -0.0750665,
           0.0224134,
           0.0653638,
           -0.1113282,
           0.0309189,
           0.0578282,
           0.0083087,
           -0.0127708,
           0.0089102,
           -0.0410887,
           0.157469,
           0.1430165,
           0.1171656,
           0.0045573,
           -0.0517371,
           0.0196654,
           -0.0265383,
           -0.0752994,
           -0.0217719,
           -0.0416515,
           -0.1126253,
           -0.0597773,
           -0.0178176,
           -0.0565576,
           -0.0305639,
           0.0054458,
           -0.0298449
          ],
          [
           -0.0015349,
           -0.0030288,
           -0.0374719,
           -0.0764371,
           -0.0824339,
           -0.0581221,
           -0.0164463,
           0.0106722,
           -0.6272731,
           -0.0650134,
           0.0422557,
           -0.0229498,
           -0.0491817,
           0.0322519,
           -0.2024387,
           -0.0162216,
           0.0108376,
           -0.1429491,
           0.0129288,
           0.0514631,
           -0.0469833,
           0.0053894,
           0.0056201,
           0.0499338,
           0.1392916,
           -0.1299581,
           -0.0175664,
           0.0223515,
           0.020884,
           0.0563081,
           -0.0527423,
           -0.0087336,
           0.0092019,
           -0.0083895,
           0.0127647,
           0.0731882,
           -0.0165764,
           -0.0633462,
           -0.0084623,
           0.0069586,
           0.0622977,
           0.0189934,
           -0.0222521,
           -0.0129027,
           -0.007711,
           -0.0406978,
           -0.0510662,
           -0.0119091,
           -0.1032958,
           -0.0531716,
           -0.0048408,
           -0.1710298,
           -0.0104446,
           0.0388716,
           0.0171414,
           0.0616605,
           -0.0102041,
           -0.2986035,
           -0.2329542,
           -0.1523736,
           -0.010317,
           0.0261139,
           -0.0815967,
           0.0021458,
           0.0125513,
           -0.0885655,
           0.0135854,
           -0.0240173,
           -0.0889695,
           -0.0087579,
           0.0109642,
           -0.0589571,
           -0.0173381,
           -0.0121458
          ],
          [
           0.0006648,
           0.0007309,
           0.0146752,
           0.0427568,
           0.060268,
           0.0513936,
           -0.4428014,
           -0.0048334,
           -0.0080276,
           -0.2178033,
           -0.0283834,
           -0.0491817,
           -0.0524623,
           -0.0297509,
           -0.05169,
           -0.0726657,
           -0.0125928,
           -0.0217732,
           0.0256044,
           0.0066668,
           -0.0157488,
           -0.007398,
           0.0166248,
           0.1188935,
           0.0388887,
           -0.0814589,
           -0.0193281,
           0.0776732,
           0.0810792,
           0.0241442,
           -0.0531357,
           -0.0172855,
           0.0528151,
           -0.0448544,
           0.0047609,
           0.0254865,
           0.0201299,
           0.0127795,
           -0.0219629,
           -0.0133622,
           0.2881666,
           0.1586793,
           0.0925862,
           0.0632912,
           0.0532921,
           0.0281413,
           0.014776,
           0.0090553,
           0.0115385,
           -0.0381049,
           -0.0102704,
           -0.0136248,
           0.1123589,
           0.0297159,
           -0.0568141,
           0.0497017,
           0.0463868,
           -0.1056911,
           -0.0357026,
           0.0173039,
           -0.0315039,
           -0.0186677,
           0.0380904,
           -0.0345092,
           -0.0011217,
           -0.0180167,
           -0.067352,
           0.0074809,
           -0.0614989,
           -0.0071239,
           0.047725,
           -0.0571073,
           0.02221,
           0.0328489
          ],
          [
           0.0010729,
           0.0011796,
           0.0236858,
           0.0690087,
           0.0972707,
           0.0829474,
           -0.0048336,
           -0.4339435,
           0.0055005,
           -0.0283835,
           -0.1633768,
           0.0322519,
           -0.0297509,
           0.0047509,
           0.0338024,
           -0.0125928,
           -0.0485727,
           0.0143107,
           0.0113902,
           -0.0131681,
           -0.006355,
           0.0066275,
           -0.0086523,
           0.0476714,
           -0.0543352,
           -0.018437,
           0.0389136,
           -0.0181183,
           0.0340969,
           -0.0391077,
           -0.0156404,
           0.0243654,
           -0.0184462,
           -0.0293873,
           -0.0328919,
           -0.015304,
           0.0038326,
           0.0253358,
           -0.0177521,
           0.0049364,
           0.149214,
           0.1002073,
           0.0890538,
           0.0583029,
           -0.0202127,
           0.0148052,
           0.0388962,
           -0.0051701,
           0.0248907,
           0.0312283,
           -0.0084382,
           0.0286041,
           0.0127681,
           -0.0015781,
           -0.0305171,
           0.0383609,
           0.0844192,
           0.1452949,
           0.0982731,
           0.0883048,
           -0.0236785,
           -0.0217352,
           -0.0540005,
           -0.0309626,
           -0.0059616,
           -0.0343855,
           -0.034018,
           -0.0089076,
           -0.0271019,
           0.0010214,
           -0.0091619,
           0.0738496,
           0.0578043,
           0.0242248
          ],
          [
           -0.0007945,
           -0.0008734,
           -0.0175366,
           -0.0510937,
           -0.0720191,
           -0.0614142,
           -0.0080276,
           0.0055004,
           -0.4402983,
           -0.0491817,
           0.0322519,
           -0.2024387,
           -0.05169,
           0.0338024,
           -0.0363119,
           -0.0217732,
           0.0143107,
           -0.0658634,
           0.0066673,
           0.0232372,
           -0.0214063,
           0.0007878,
           0.0029143,
           0.0388883,
           0.1050859,
           -0.098265,
           -0.0157784,
           0.017485,
           0.0241409,
           0.0725047,
           -0.0672583,
           -0.0054064,
           0.0107463,
           -0.0054155,
           0.0096668,
           0.0450631,
           -0.0101599,
           -0.0374351,
           -0.0039772,
           0.0044674,
           0.0584163,
           0.0091615,
           -0.0336531,
           0.0217521,
           0.010481,
           -0.0426529,
           -0.0265112,
           -0.0008609,
           -0.0337544,
           -0.0665394,
           -0.0072079,
           -0.0553708,
           0.0283411,
           -0.0207651,
           -0.0387095,
           -0.05135,
           0.018703,
           -0.2764706,
           -0.1561163,
           -0.0976632,
           0.0444795,
           -0.0496763,
           0.0536642,
           0.0200328,
           -0.0086339,
           0.0163222,
           -0.0085844,
           0.0087102,
           -0.0256538,
           0.0488205,
           0.0982738,
           -0.0457398,
           -0.0770343,
           0.0086783
          ],
          [
           0.0002826,
           0.0001415,
           0.0038199,
           0.0138532,
           0.023821,
           0.0258354,
           -0.143906,
           -0.0012092,
           -0.0017415,
           -0.1480129,
           -0.0095315,
           -0.0162216,
           -0.0726657,
           -0.0125928,
           -0.0217732,
           0.0048746,
           -0.0070764,
           -0.0122819,
           0.0073744,
           0.0020322,
           -0.0046401,
           -0.0019533,
           0.0048069,
           0.0409854,
           0.0134207,
           -0.0280868,
           -0.0066382,
           0.026792,
           0.0433334,
           0.0113894,
           -0.0268617,
           -0.0119536,
           0.0280955,
           -0.0138968,
           0.0013305,
           0.0079568,
           0.0060887,
           0.0040216,
           -0.0065842,
           -0.0039891,
           0.1450061,
           0.1049089,
           0.0406346,
           0.0084969,
           0.0234193,
           0.012069,
           -0.0032916,
           0.0216412,
           0.0134023,
           -0.0024679,
           -0.0055825,
           -0.003711,
           0.0297224,
           0.0096924,
           -0.0101275,
           0.0130954,
           0.0003237,
           -0.0534428,
           -0.0302834,
           0.0091778,
           -0.0326305,
           -0.0082521,
           0.0169609,
           -0.0528392,
           -0.0076574,
           0.0080025,
           -0.0170749,
           0.0023523,
           -0.0264347,
           -0.0094899,
           0.0158765,
           -0.0224689,
           0.0212431,
           0.0165064
          ],
          [
           0.000456,
           0.0002283,
           0.0061654,
           0.0223588,
           0.0384462,
           0.0416971,
           -0.0012092,
           -0.142004,
           0.0013824,
           -0.0095316,
           -0.1300819,
           0.0108376,
           -0.0125928,
           -0.0485727,
           0.0143107,
           -0.0070764,
           0.0184746,
           0.0080501,
           0.0032039,
           -0.0036942,
           -0.0017026,
           0.002017,
           -0.0022322,
           0.0164224,
           -0.0187165,
           -0.0063465,
           0.0134504,
           -0.0062178,
           0.0192317,
           -0.0222103,
           -0.0103523,
           0.0115152,
           -0.0138467,
           -0.0090291,
           -0.0100405,
           -0.0047089,
           0.00133,
           0.007901,
           -0.0054027,
           0.0013698,
           0.0748772,
           0.0608941,
           0.0403529,
           0.0251419,
           -0.0278965,
           0.0061465,
           0.0325734,
           -0.039411,
           0.0135901,
           0.0142122,
           0.0078991,
           0.0150554,
           -0.0108004,
           -0.0041109,
           -0.005642,
           0.012378,
           0.0351676,
           0.0729026,
           0.0595489,
           0.0400414,
           -0.0099747,
           -0.028557,
           -0.0233156,
           -0.0185896,
           -0.0402067,
           -0.0295468,
           -0.017444,
           0.0076638,
           -0.0119629,
           0.0063759,
           0.0112869,
           0.0284495,
           0.0187448,
           0.0152215
          ],
          [
           -0.0003377,
           -0.0001691,
           -0.0045648,
           -0.0165543,
           -0.0284655,
           -0.0308725,
           -0.0017415,
           0.0013824,
           -0.1433668,
           -0.0162217,
           0.0108376,
           -0.1429491,
           -0.0217732,
           0.0143107,
           -0.0658634,
           -0.0122819,
           0.0080501,
           0.008724,
           0.0020324,
           0.0066528,
           -0.0061648,
           -0.0000066,
           0.0008817,
           0.0134202,
           0.0362201,
           -0.0338831,
           -0.0054717,
           0.006017,
           0.0113875,
           0.0392887,
           -0.0361014,
           0.0006396,
           0.0050347,
           -0.0017039,
           0.0031799,
           0.0139332,
           -0.0031442,
           -0.0113754,
           -0.0010701,
           0.0014132,
           0.0296599,
           0.0128872,
           -0.0163894,
           0.0098725,
           0.0046599,
           -0.037514,
           -0.0005372,
           0.0041561,
           -0.0565612,
           -0.0289534,
           -0.0020279,
           -0.0123131,
           0.0094936,
           -0.0141923,
           -0.0167678,
           -0.031598,
           0.0065395,
           -0.139076,
           -0.1020632,
           -0.0431348,
           0.0191575,
           -0.0218291,
           0.0042738,
           0.0219419,
           -0.0201128,
           -0.0062178,
           -0.0011934,
           0.0051212,
           0.0025283,
           0.0159924,
           0.0252786,
           0.0014862,
           -0.0196011,
           0.0029055
          ],
          [
           0.0001782,
           -0.0011115,
           -0.0151531,
           -0.0177915,
           -0.0134687,
           -0.0078975,
           0.0557473,
           0.028164,
           0.0094669,
           0.0560552,
           0.0260579,
           0.0129288,
           0.0256044,
           0.0113902,
           0.0066673,
           0.0073744,
           0.0032039,
           0.0020324,
           4.9524644,
           -0.0179155,
           0.0168133,
           0.0067627,
           -0.0067527,
           0.7502717,
           -0.0162697,
           0.0179362,
           0.0041832,
           -0.0092952,
           -0.060503,
           -0.0031334,
           0.0038799,
           0.0005469,
           -0.0022592,
           0.0426655,
           -0.0198266,
           -0.0203642,
           -0.0106583,
           -0.0156269,
           0.0021928,
           -0.0405802,
           -0.106885,
           -0.0468193,
           -0.0198611,
           0.1636626,
           0.1412524,
           0.0244515,
           0.0172384,
           0.0268624,
           -0.0000563,
           0.0041087,
           0.0130325,
           -0.0004155,
           0.1957824,
           0.0576321,
           -0.2023344,
           0.1852289,
           0.3816073,
           0.0370413,
           0.0075154,
           -0.0027977,
           0.0578916,
           -0.051413,
           0.0463573,
           0.0299189,
           -0.0089507,
           0.015116,
           0.0196197,
           -0.0034886,
           0.006865,
           -0.0421918,
           0.089543,
           -0.2162904,
           -0.0237166,
           0.0145372
          ],
          [
           -0.0001977,
           0.0012614,
           0.0171869,
           0.0201867,
           0.0152868,
           0.0089663,
           0.0094693,
           -0.0330314,
           0.052382,
           0.0129292,
           -0.0302763,
           0.0514631,
           0.0066668,
           -0.0131681,
           0.0232372,
           0.0020322,
           -0.0036942,
           0.0066528,
           -0.0179155,
           4.958488,
           0.0127117,
           -0.0021236,
           -0.0103525,
           -0.0162691,
           0.7559336,
           0.0145425,
           0.0015898,
           -0.0091422,
           -0.0031328,
           -0.0593852,
           0.0032639,
           0.0008051,
           -0.0017507,
           0.0044198,
           0.0086355,
           -0.0470134,
           -0.0242175,
           0.0103191,
           -0.0332797,
           -0.0076146,
           -0.02049,
           -0.0001907,
           0.005813,
           0.029646,
           0.0296113,
           0.0472854,
           0.0171713,
           0.00478,
           0.0276928,
           0.0091734,
           0.0013493,
           0.0186443,
           0.0588891,
           -0.068135,
           -0.0889256,
           -0.0741934,
           0.1158559,
           0.1000813,
           0.0453273,
           0.0201076,
           0.0412308,
           -0.132115,
           0.1490483,
           -0.0022698,
           -0.025934,
           0.0142834,
           -0.0029368,
           -0.0130115,
           0.0030324,
           0.0886962,
           0.1509821,
           -0.3346711,
           -0.2925528,
           -0.0655501
          ],
          [
           0.0000759,
           -0.0002764,
           -0.0038515,
           -0.0044741,
           -0.0033556,
           -0.0019496,
           -0.0291627,
           -0.0204181,
           -0.0471376,
           -0.0328324,
           -0.0159821,
           -0.0469833,
           -0.0157488,
           -0.006355,
           -0.0214063,
           -0.0046401,
           -0.0017026,
           -0.0061648,
           0.0168133,
           0.0127117,
           4.9480496,
           -0.0100083,
           0.0133695,
           0.0179404,
           0.0145376,
           0.7475077,
           -0.0090672,
           0.0130553,
           0.0038836,
           0.0032596,
           -0.0608954,
           -0.0017125,
           0.0026584,
           -0.0159525,
           0.0027053,
           0.0523948,
           -0.0403055,
           0.0158255,
           -0.0003495,
           -0.0025444,
           0.0703092,
           0.0262295,
           0.0070717,
           -0.1270371,
           -0.0661114,
           0.000356,
           -0.0235219,
           -0.0125999,
           -0.0047414,
           -0.0117774,
           -0.0053768,
           -0.0038485,
           -0.2040578,
           -0.0924361,
           0.0948297,
           -0.1790419,
           -0.1437005,
           -0.085663,
           -0.0326552,
           -0.01142,
           -0.0221368,
           0.0292396,
           -0.1847298,
           -0.0032604,
           -0.0089039,
           -0.0401569,
           -0.0003146,
           -0.0104383,
           -0.0190983,
           -0.2119335,
           -0.3342225,
           -0.0020815,
           0.2552674,
           -0.0618238
          ],
          [
           0.0005132,
           -0.0019936,
           -0.0275748,
           -0.0320605,
           -0.0240638,
           -0.0139919,
           -0.0249817,
           0.0096283,
           0.0132716,
           -0.0189981,
           0.0129547,
           0.0053894,
           -0.007398,
           0.0066275,
           0.0007878,
           -0.0019533,
           0.002017,
           -0.0000066,
           0.0067627,
           -0.0021236,
           -0.0100083,
           4.9471311,
           -0.0144174,
           0.004211,
           0.0015571,
           -0.0090678,
           0.7491718,
           -0.0118407,
           0.0005712,
           0.0007765,
           -0.001713,
           -0.0599835,
           -0.0019858,
           0.0110521,
           0.0515983,
           0.0102309,
           -0.0240087,
           -0.0404884,
           0.0204608,
           0.0046117,
           -0.0403715,
           -0.018241,
           -0.0141532,
           0.0707251,
           0.0288715,
           0.0885155,
           0.0010894,
           0.0018144,
           0.0271228,
           -0.0112167,
           -0.0035887,
           0.0137864,
           0.19435,
           -0.0837747,
           -0.1739457,
           -0.1885591,
           0.1035432,
           -0.0709204,
           -0.0297741,
           -0.0177751,
           -0.1080735,
           0.0464511,
           -0.1160396,
           -0.029476,
           0.0024723,
           -0.0088019,
           -0.0130726,
           -0.0044394,
           0.0075577,
           -0.0155552,
           -0.3033199,
           0.2497964,
           -0.0202329,
           -0.128918
          ],
          [
           0.0002989,
           -0.0010983,
           -0.0153028,
           -0.0177822,
           -0.0133398,
           -0.0077524,
           0.0358233,
           -0.0319501,
           0.0039065,
           0.0362315,
           -0.0230817,
           0.0056201,
           0.0166248,
           -0.0086523,
           0.0029143,
           0.0048069,
           -0.0022322,
           0.0008817,
           -0.0067527,
           -0.0103525,
           0.0133695,
           -0.0144174,
           4.9575938,
           -0.0092789,
           -0.0091614,
           0.0130552,
           -0.011839,
           0.7578241,
           -0.0022449,
           -0.0017675,
           0.0026583,
           -0.0019843,
           -0.0586121,
           0.0490059,
           0.0020507,
           0.0000463,
           -0.0058875,
           -0.0199635,
           -0.0195466,
           0.0333036,
           -0.0742183,
           -0.0293893,
           -0.0138724,
           0.1703976,
           0.007662,
           0.0190512,
           0.0349363,
           -0.0168606,
           0.0026024,
           0.0124016,
           -0.0165124,
           -0.0006938,
           0.3823012,
           0.1057701,
           -0.1481337,
           0.1063712,
           -0.0555071,
           0.0129851,
           0.0035329,
           -0.0035337,
           -0.0236541,
           -0.0449143,
           0.0102153,
           -0.0017923,
           -0.0185287,
           0.0016854,
           0.0019876,
           -0.0132954,
           0.0050036,
           0.024003,
           -0.0674176,
           -0.0574509,
           -0.1306807,
           -0.1080559
          ],
          [
           0.0002649,
           -0.0003803,
           -0.0186003,
           -0.0443536,
           -0.049728,
           -0.0350965,
           0.0541334,
           0.0236884,
           0.0146863,
           0.157024,
           0.063907,
           0.0499338,
           0.1188935,
           0.0476714,
           0.0388883,
           0.0409854,
           0.0164224,
           0.0134202,
           0.7502717,
           -0.0162691,
           0.0179404,
